"Experiment number"	"Plot number"	"Sampling date (YYMMDD)"	"Species Name"	"Depth of soil core (cm)"	"Archive sample number"	"Percent total nitrogen"	"Percent total carbon"	"Total carbon to total nitrogen ratio"
123	1	960725	ROOTS	0--30	5752	0.83235	23.9582	28.784
123	2	960725	ROOTS	0--30	5753	0.68009	25.7476	37.859
123	3	960725	ROOTS	0--30	5754	0.48259	17.8772	37.044
123	4	960725	ROOTS	0--30	5755	1.06249	33.5223	31.551
123	5	960725	ROOTS	0--30	5756	0.72315	24.4675	33.834
123	6	960725	ROOTS	0--30	5757	1.22473	30.7363	25.096
123	7	960725	ROOTS	0--30	5758	0.91122	32.2144	35.353
123	8	960725	ROOTS	0--30	5759	1.01826	30.6428	30.093
123	9	960725	ROOTS	0--30	5760	1.21565	37.288	30.673
123	10	960725	ROOTS	0--30	5761	0.49718	21.6404	43.527
123	11	960725	ROOTS	0--30	5762	0.72884	31.4373	43.133
123	12	960725	ROOTS	0--30	5763	0.63895	40.5616	63.481
123	13	960725	ROOTS	0--30	5764	0.85235	37.9653	44.542
123	14	960725	ROOTS	0--30	5765	0.77487	35.1785	45.399
123	15	960725	ROOTS	0--30	5766	1.0516	38.2072	36.332
123	16	960725	ROOTS	0--30	5767	0.79022	31.8907	40.357
123	17	960725	ROOTS	0--30	5768	0.87514	34.1363	39.007
123	18	960725	ROOTS	0--30	5769	0.52179	21.0267	40.297
123	19	960726	ROOTS	0--30	5770	1.03676	34.8717	33.635
123	20	960725	ROOTS	0--30	5771	1.14926	38.5133	33.511
123	21	960725	ROOTS	0--30	5772	0.62771	27.6343	44.024
123	22	960726	ROOTS	0--30	5773	0.87838	27.338	31.123
123	23	960726	ROOTS	0--30	5774	0.77045	25.4801	33.072
123	24	960725	ROOTS	0--30	5775	1.17644	40.8739	34.744
123	25	960725	ROOTS	0--30	5776	0.66898	15.1522	22.65
123	26	960725	ROOTS	0--30	5777	0.75907	30.1169	39.676
123	27	960725	ROOTS	0--30	5778	0.79979	34.1573	42.708
123	28	960726	ROOTS	0--30	5779	0.91005	25.4832	28.002
123	29	960725	ROOTS	0--30	5780	0.90245	34.4773	38.204
123	30	960725	ROOTS	0--30	5781	0.96308	24.2514	25.181
123	31	960725	ROOTS	0--30	5782	1.23109	36.0405	29.275
123	32	960725	ROOTS	0--30	5783	0.73715	32.033	43.455
123	33	960725	ROOTS	0--30	5784	0.82525	22.9604	27.822
123	34	960725	ROOTS	0--30	5785	0.97376	35.989	36.959
123	35	960725	ROOTS	0--30	5786	1.20433	38.3669	31.857
123	36	960726	ROOTS	0--30	5787	0.73819	32.806	44.441
123	37	960726	ROOTS	0--30	5788	0.44232	25.8514	58.445
123	38	960726	ROOTS	0--30	5789	0.84554	31.2762	36.99
123	39	960725	ROOTS	0--30	5790	0.3987	39.0061	97.834
123	40	960726	ROOTS	0--30	5791	0.83613	34.2282	40.937
123	41	960726	ROOTS	0--30	5792	0.9018	35.7204	39.61
123	42	960726	ROOTS	0--30	5793	0.75875	24.7136	32.572
123	43	960726	ROOTS	0--30	5794	0.72631	35.9204	49.456
123	44	960726	ROOTS	0--30	5795	0.81721	32.3274	39.558
123	45	960726	ROOTS	0--30	5796	0.86087	32.1461	37.341
123	46	960725	ROOTS	0--30	5797	0.93109	31.4116	33.736
123	47	960725	ROOTS	0--30	5798	0.86653	33.8484	39.062
123	48	960726	ROOTS	0--30	5799	0.95251	34.0361	35.733
123	49	960725	ROOTS	0--30	5800	0.67052	26.661	39.762
123	50	960726	ROOTS	0--30	5801	0.67098	27.1151	40.411
123	51	960726	ROOTS	0--30	5802	0.86327	25.9278	30.034
123	52	960726	ROOTS	0--30	5803	0.61142	25.9017	42.363
123	53	960726	ROOTS	0--30	5804	0.67059	30.1144	44.907
123	54	960726	ROOTS	0--30	5805	0.87421	22.4693	25.702
123	55	960726	ROOTS	0--30	5806	0.85093	29.3163	34.452
123	56	960726	ROOTS	0--30	5807	0.92016	25.9037	28.151
123	57	960726	ROOTS	0--30	5808	0.90965	26.6746	29.324
123	58	960726	ROOTS	0--30	5809	0.80182	21.4252	26.721
123	59	960726	ROOTS	0--30	5810	0.86069	27.6413	32.115
123	60	960726	ROOTS	0--30	5811	0.71101	23.5212	33.081
123	61	960726	ROOTS	0--30	5812	0.7029	27.47	39.081
123	62	960726	ROOTS	0--30	5813	1.02092	34.3644	33.66
123	63	960726	ROOTS	0--30	5814	0.79958	30.8152	38.539
123	64	960726	ROOTS	0--30	5815	0.7672	32.0026	41.713
123	65	960726	ROOTS	0--30	5816	0.72127	39.8449	55.243
123	66	960726	ROOTS	0--30	5817	0.30464	39.3202	129.071
123	67	960726	ROOTS	0--30	5818	0.91868	32.7378	35.636
123	68	960726	ROOTS	0--30	5819	0.80503	21.6603	26.906
123	69	960726	ROOTS	0--30	5820	0.84335	21.4626	25.449
123	70	960726	ROOTS	0--30	5821	0.75068	27.6166	36.789
123	71	960726	ROOTS	0--30	5822	0.72921	28.3088	38.821
123	72	960726	ROOTS	0--30	5823	0.71827	22.992	32.01
123	73	960726	ROOTS	0--30	5824	0.92779	37.317	40.221
123	74	960726	ROOTS	0--30	5825	0.82074	25.3048	30.832
123	75	960726	ROOTS	0--30	5826	1.03612	28.2176	27.234
123	76	960726	ROOTS	0--30	5827	0.61539	38.3103	62.253
123	77	960726	ROOTS	0--30	5828	0.93312	37.8785	40.594
123	78	960726	ROOTS	0--30	5829	1.01489	35.0232	34.509
123	79	960726	ROOTS	0--30	5830	1.35386	39.165	28.928
123	80	960726	ROOTS	0--30	5831	0.93466	35.9469	38.46
123	81	960726	ROOTS	0--30	5832	1.37842	30.5434	22.158
123	82	960726	ROOTS	0--30	5833	1.23818	35.5276	28.693
123	83	960726	ROOTS	0--30	5834	0.8003	39.4182	49.254
123	84	960726	ROOTS	0--30	5835	1.33021	34.1309	25.658
123	85	960726	ROOTS	0--30	5836	1.16245	34.4	29.593
123	86	960726	ROOTS	0--30	5837	0.76204	23.3161	30.597
123	87	960726	ROOTS	0--30	5838	0.83827	29.1831	34.814
123	88	960726	ROOTS	0--30	5839	1.05205	36.2156	34.424
123	89	960726	ROOTS	0--30	5840	0.9061	24.5543	27.099
123	90	960726	ROOTS	0--30	5841	0.87344	35.1301	40.22
123	91	960726	ROOTS	0--30	5842	0.75294	30.9731	41.136
123	92	960726	ROOTS	0--30	5843	0.68836	17.5959	25.562
123	93	960726	ROOTS	0--30	5844	0.97527	28.0559	28.767
123	94	960726	ROOTS	0--30	5845	1.02882	31.3019	30.425
123	95	960726	ROOTS	0--30	5846	1.14359	33.3185	29.135
123	96	960726	ROOTS	0--30	5847	0.43957	27.7751	63.187
123	97	960726	ROOTS	0--30	5848	1.12174	31.9856	28.514
123	98	960726	ROOTS	0--30	5849	0.93051	32.0726	34.468
123	99	960726	ROOTS	0--30	5850	1.08538	38.0094	35.019
123	100	960726	ROOTS	0--30	5851	0.97547	39.6898	40.688
123	101	960726	ROOTS	0--30	5852	0.91043	24.3373	26.732
123	102	960729	ROOTS	0--30	5853	1.04088	40.4355	38.847
123	103	960729	ROOTS	0--30	5854	0.84858	33.2751	39.213
123	104	960729	ROOTS	0--30	5855	0.77044	32.0365	41.582
123	105	960729	ROOTS	0--30	5856	0.62132	23.6844	38.119
123	106	960729	ROOTS	0--30	5857	0.98205	34.1287	34.753
123	107	960729	ROOTS	0--30	5858	0.96191	34.4086	35.771
123	108	960729	ROOTS	0--30	5859	0.70494	40.8349	57.927
123	109	960729	ROOTS	0--30	5860	1.22014	31.1657	25.543
123	110	960729	ROOTS	0--30	5861	0.85762	34.4246	40.14
123	111	960729	ROOTS	0--30	5862	1.15527	37.0892	32.104
123	112	960729	ROOTS	0--30	5863	0.57279	40.6576	70.981
123	113	960729	ROOTS	0--30	5864	1.32224	40.9939	31.003
123	114	960729	ROOTS	0--30	5865	0.70014	27.0609	38.651
123	115	960729	ROOTS	0--30	5866	0.69124	27.3849	39.617
123	116	960729	ROOTS	0--30	5867	1.0993	38.1928	34.743
123	117	960729	ROOTS	0--30	5868	1.10453	35.773	32.387
123	118	960729	ROOTS	0--30	5869	0.51053	29.0596	56.921
123	119	960729	ROOTS	0--30	5870	0.85604	34.6903	40.524
123	120	960729	ROOTS	0--30	5871	0.71368	32.9985	46.237
123	121	960729	ROOTS	0--30	5872	0.58998	43.8751	74.367
123	122	960729	ROOTS	0--30	5873	0.93537	33.9284	36.273
123	123	960729	ROOTS	0--30	5874	0.95089	33.383	35.107
123	124	960729	ROOTS	0--30	5875	0.79322	28.1551	35.495
123	125	960729	ROOTS	0--30	5876	1.53873	40.8948	26.577
123	126	960729	ROOTS	0--30	5877	0.8462	32.263	38.127
123	127	960729	ROOTS	0--30	5878	1.04173	36.2323	34.781
123	128	960729	ROOTS	0--30	5879	0.59887	33.1536	55.361
123	129	960729	ROOTS	0--30	5880	0.88409	40.9263	46.292
123	130	960729	ROOTS	0--30	5881	0.82921	32.1758	38.803
123	131	960729	ROOTS	0--30	5882	0.80545	36.2593	45.018
123	132	960729	ROOTS	0--30	5883	1.08219	43.707	40.388
123	133	960729	ROOTS	0--30	5884	0.87369	34.467	39.45
123	134	960729	ROOTS	0--30	5885	0.73011	40.6087	55.62
123	135	960729	ROOTS	0--30	5886	0.67647	33.0396	48.841
123	136	960729	ROOTS	0--30	5887	0.71199	30.1196	42.303
123	137	960729	ROOTS	0--30	5888	0.94536	33.0301	34.939
123	138	960729	ROOTS	0--30	5889	0.99126	34.8626	35.17
123	139	960729	ROOTS	0--30	5890	0.95247	34.9485	36.692
123	140	960729	ROOTS	0--30	5891	0.90759	43.8273	48.29
123	141	960729	ROOTS	0--30	5892	0.90972	28.3378	31.15
123	142	960729	ROOTS	0--30	5893	0.48634	21.9017	45.034
123	143	960729	ROOTS	0--30	5894	0.93235	32.0763	34.404
123	144	960729	ROOTS	0--30	5895	0.87547	32.2278	36.812
123	145	960729	ROOTS	0--30	5896	0.87565	30.7514	35.118
123	146	960729	ROOTS	0--30	5897	0.77011	35.8713	46.579
123	1	970721	ROOTS	0--30	20909	0.79092	34.3863	43.4766
123	2	970721	ROOTS	0--30	20910	0.8485	31.3737	36.9754
123	3	970721	ROOTS	0--30	20911	0.55295	20.0415	36.2446
123	4	970721	ROOTS	0--30	20912	1.19562	42.098	35.2101
123	5	970721	ROOTS	0--30	20913	0.72743	36.9777	50.8332
123	6	970721	ROOTS	0--30	20914	1.59411	42.0514	26.3792
123	7	970721	ROOTS	0--30	20915	0.80748	23.9464	29.6558
123	8	970721	ROOTS	0--30	20916	0.57219	36.3062	63.4509
123	9	970721	ROOTS	0--30	20917	1.00962	43.0169	42.607
123	10	970721	ROOTS	0--30	20918	0.57173	33.9519	59.3841
123	11	970721	ROOTS	0--30	20919	0.92553	41.5723	44.9172
123	12	970721	ROOTS	0--30	20920	0.92814	28.2124	30.3966
123	13	970721	ROOTS	0--30	20921	0.63491	37.3586	58.8403
123	14	970721	ROOTS	0--30	20922	0.99192	30.3878	30.6353
123	15	970721	ROOTS	0--30	20923	0.94519	33.6093	35.5581
123	16	970721	ROOTS	0--30	20924	0.63205	37.333	59.0663
123	17	970721	ROOTS	0--30	20925	0.7773	45.8107	58.9354
123	18	970721	ROOTS	0--30	20926	0.58228	42.5678	73.1053
123	19	970721	ROOTS	0--30	20927	0.81463	27.7577	34.0738
123	20	970721	ROOTS	0--30	20928	1.09555	28.8062	26.2939
123	21	970721	ROOTS	0--30	20929	1.07551	37.5865	34.9476
123	22	970721	ROOTS	0--30	20930	0.64713	26.8057	41.4227
123	23	970721	ROOTS	0--30	20931	1.18041	33.9756	28.7829
123	24	970721	ROOTS	0--30	20932	1.03571	30.8258	29.763
123	25	970721	ROOTS	0--30	20933	0.99767	25.577	25.6368
123	26	970721	ROOTS	0--30	20934	0.95223	32.2009	33.8164
123	27	970721	ROOTS	0--30	20935	1.07718	37.0615	34.406
123	28	970721	ROOTS	0--30	20936	0.97341	40.2479	41.3472
123	29	970721	ROOTS	0--30	20937	0.67916	25.9034	38.1401
123	30	970721	ROOTS	0--30	20938	1.02246	31.0272	30.3455
123	31	970721	ROOTS	0--30	20939	0.85355	25.1974	29.5206
123	32	970721	ROOTS	0--30	20940	0.63265	17.942	28.3601
123	33	970721	ROOTS	0--30	20941	0.3614	19.0622	52.746
123	34	970721	ROOTS	0--30	20942	0.90284	39.7591	44.0376
123	35	970721	ROOTS	0--30	20943	0.46788	10.5502	22.5491
123	36	970721	ROOTS	0--30	20944	0.87727	26.9079	30.6725
123	37	970721	ROOTS	0--30	20945	0.49079	27.7429	56.5273
123	38	970721	ROOTS	0--30	20946	0.83081	27.2817	32.8373
123	39	970721	ROOTS	0--30	20947	0.38737	41.3181	6.6624
123	40	970721	ROOTS	0--30	20948	0.89707	32.7772	36.5381
123	41	970721	ROOTS	0--30	20949	1.10008	34.9813	31.799
123	42	970721	ROOTS	0--30	20950	0.82651	34.7378	42.0298
123	43	970721	ROOTS	0--30	20951	0.65303	41.1698	63.0444
123	44	970721	ROOTS	0--30	20952	0.59763	27.7733	46.4726
123	45	970721	ROOTS	0--30	20953	0.72492	26.2433	36.2016
123	46	970721	ROOTS	0--30	20954	0.683	24.4288	35.7668
123	47	970721	ROOTS	0--30	20955	1.17722	46.1031	39.1626
123	48	970721	ROOTS	0--30	20956	0.96871	41.3324	42.6676
123	49	970721	ROOTS	0--30	20957	0.59933	20.7649	34.6471
123	50	970721	ROOTS	0--30	20958	0.81789	33.9338	41.4896
123	51	970721	ROOTS	0--30	20959	1.05975	38.6291	36.4509
123	52	970722	ROOTS	0--30	20960	0.86142	26.9957	31.3386
123	53	970722	ROOTS	0--30	20961	0.77182	41.388	53.6241
123	54	970722	ROOTS	0--30	20962	0.75623	18.9178	25.0159
123	55	970722	ROOTS	0--30	20963	0.72688	35.3724	48.6637
123	56	970722	ROOTS	0--30	20964	1.35106	35.4037	26.2043
123	57	970722	ROOTS	0--30	20965	1.06772	42.3257	39.6412
123	58	970722	ROOTS	0--30	20966	0.78194	19.8968	25.4456
123	59	970722	ROOTS	0--30	20967	1.03521	37.6884	36.4065
123	60	970722	ROOTS	0--30	20968	0.83843	38.2084	45.5715
123	61	970722	ROOTS	0--30	20969	0.71646	35.9687	50.2033
123	62	970722	ROOTS	0--30	20970	1.01352	43.9736	43.3868
123	63	970722	ROOTS	0--30	20971	0.79745	30.7832	38.6021
123	64	970722	ROOTS	0--30	20972	0.83655	32.8729	39.2958
123	65	970722	ROOTS	0--30	20973	0.38947	35.9416	92.2837
123	66	970722	ROOTS	0--30	20974	0.61419	37.6238	61.2573
123	67	970722	ROOTS	0--30	20975	0.85112	39.5543	46.4731
123	68	970722	ROOTS	0--30	20976	0.68045	37.1068	54.5325
123	69	970722	ROOTS	0--30	20977	0.54953	16.9845	30.9071
123	70	970722	ROOTS	0--30	20978	1.11388	43.5116	39.0633
123	71	970722	ROOTS	0--30	20979	0.53638	17.606	32.8234
123	72	970722	ROOTS	0--30	20980	0.79738	35.9173	45.0439
123	73	970722	ROOTS	0--30	20981	0.81627	24.4865	29.998
123	74	970722	ROOTS	0--30	20982	0.67664	18.1668	26.8485
123	75	970722	ROOTS	0--30	20983	0.97302	35.2885	36.2668
123	76	970722	ROOTS	0--30	20984	0.62377	19.4229	31.1379
123	77	970722	ROOTS	0--30	20985	0.71254	30.6509	43.0163
123	78	970722	ROOTS	0--30	20986	0.87185	27.5974	31.6539
123	79	970722	ROOTS	0--30	20987	0.71263	15.1076	21.1999
123	80	970722	ROOTS	0--30	20988	1.02386	40.946	39.9918
123	81	970722	ROOTS	0--30	20989	1.71643	34.4751	20.0854
123	82	970722	ROOTS	0--30	20990	1.33681	41.1028	30.7469
123	83	970722	ROOTS	0--30	20991	1.0784	42.546	39.4528
123	84	970723	ROOTS	0--30	20992	0.98559	36.8771	37.4162
123	85	970722	ROOTS	0--30	20993	0.79232	21.444	27.0646
123	86	970722	ROOTS	0--30	20994	0.86758	31.8276	36.6853
123	87	970722	ROOTS	0--30	20995	0.81829	40.5205	49.5188
123	88	970722	ROOTS	0--30	20996	0.7687	37.3764	48.6231
123	89	970722	ROOTS	0--30	20997	0.92504	36.1607	39.0909
123	90	970722	ROOTS	0--30	20998	0.61284	48.7259	79.5079
123	91	970722	ROOTS	0--30	20999	0.71212	28.4001	39.8808
123	92	970722	ROOTS	0--30	21000	1.0222	25.0453	24.5014
123	93	970722	ROOTS	0--30	21001	0.64083	19.5609	30.5242
123	94	970723	ROOTS	0--30	21002	1.04312	35.8157	34.335
123	95	970722	ROOTS	0--30	21003	1.17299	33.242	28.3396
123	96	970723	ROOTS	0--30	21004	0.45772	20.1633	44.0511
123	97	970723	ROOTS	0--30	21005	1.1748	27.9934	23.8283
123	98	970723	ROOTS	0--30	21006	0.81184	31.3132	38.5705
123	99	970723	ROOTS	0--30	21007	1.13573	38.4273	33.8348
123	100	970723	ROOTS	0--30	21008	0.66032	40.2361	60.934
123	101	970723	ROOTS	0--30	21009	0.89356	26.4033	29.5483
123	102	970723	ROOTS	0--30	21010	1.0659	35.5739	33.3746
123	103	970723	ROOTS	0--30	21011	0.83775	31.3878	37.4668
123	104	970723	ROOTS	0--30	21012	0.55201	17.9047	32.4356
123	105	970723	ROOTS	0--30	21013	0.8407	44.6812	53.1474
123	106	970723	ROOTS	0--30	21014	1.11991	30.5054	27.2391
123	107	970723	ROOTS	0--30	21015	0.82253	27.222	33.0953
123	108	970723	ROOTS	0--30	21016	0.98251	44.0634	44.8479
123	109	970723	ROOTS	0--30	21017	1.66027	46.0285	27.7235
123	110	970723	ROOTS	0--30	21018	0.55544	18.7106	33.6863
123	111	970723	ROOTS	0--30	21019	0.66468	22.7228	34.1862
123	112	970723	ROOTS	0--30	21020	0.7167	22.0432	30.7567
123	113	970723	ROOTS	0--30	21021	1.05368	37.0361	35.1494
123	114	970723	ROOTS	0--30	21022	0.98555	44.3331	44.983
123	115	970723	ROOTS	0--30	21023	0.66756	21.1745	31.7194
123	116	970723	ROOTS	0--30	21024	0.63699	22.2282	34.8958
123	117	970723	ROOTS	0--30	21025	0.6805	36.4145	53.5116
123	118	970723	ROOTS	0--30	21026	0.6798	29.4102	43.2631
123	119	970723	ROOTS	0--30	21027	0.45668	17.7531	38.8743
123	120	970723	ROOTS	0--30	21028	0.44611	19.5008	43.713
123	121	970723	ROOTS	0--30	21029	0.64216	24.4803	38.1219
123	122	970723	ROOTS	0--30	21030	0.70617	16.2026	22.9443
123	123	970723	ROOTS	0--30	21031	1.18314	30.0741	25.4187
123	124	970723	ROOTS	0--30	21032	0.70105	24.0583	34.3175
123	125	970723	ROOTS	0--30	21033	1.75658	46.3638	26.3943
123	126	970723	ROOTS	0--30	21034	0.73918	40.5113	54.8059
123	127	970723	ROOTS	0--30	21035	1.05039	44.6474	42.5055
123	128	970723	ROOTS	0--30	21036	0.60795	29.1702	47.9815
123	129	970723	ROOTS	0--30	21037	0.9179	29.8277	32.4955
123	130	970723	ROOTS	0--30	21038	0.98013	41.0637	41.8962
123	131	970723	ROOTS	0--30	21039	0.79039	30.6781	38.8139
123	132	970723	ROOTS	0--30	21040	0.52934	20.6855	39.0776
123	133	970723	ROOTS	0--30	21041	0.80191	27.8374	34.714
123	134	970723	ROOTS	0--30	21042	0.65488	22.9786	35.0885
123	135	970723	ROOTS	0--30	21043	0.39137	11.9194	30.4553
123	136	970723	ROOTS	0--30	21044	0.56756	33.9115	59.7491
123	137	970723	ROOTS	0--30	21045	0.85847	39.5474	46.0671
123	138	970723	ROOTS	0--30	21046	0.76594	28.4371	37.1272
123	139	970723	ROOTS	0--30	21047	0.92584	33.7087	36.4089
123	140	970723	ROOTS	0--30	21048	1.00852	38.1041	37.7821
123	141	970723	ROOTS	0--30	21049	0.70713	27.0088	38.195
123	142	970723	ROOTS	0--30	21050	0.87442	39.7334	45.4399
123	143	970723	ROOTS	0--30	21051	0.56254	26.8094	47.6579
123	144	970723	ROOTS	0--30	21052	0.53904	18.5504	34.4139
123	145	970723	ROOTS	0--30	21053	0.65311	22.8941	35.0539
123	146	970723	ROOTS	0--30	21054	0.82504	40.2067	48.7329
123	147	970723	ROOTS	0--30	21055	0.58448	23.8021	40.7237
123	1	 	 	 	26844	0.9084175	40.72298	44.82848
123	2	 	 	 	26845	1.13736	41.94752	36.88148
123	3	 	 	 	26846	0.7525485	39.50264	52.49182
123	4	 	 	 	26847	0.9837768	40.87787	41.55198
123	5	 	 	 	26848	0.6180371	38.57861	62.42119
123	6	 	 	 	26849	1.964652	44.16172	22.47814
123	7	 	 	 	26850	0.8020707	43.71227	54.49927
123	8	 	 	 	26851	0.7578049	44.65757	58.93017
123	9	 	 	 	26852	1.16162	37.52562	32.30456
123	10	 	 	 	26853	0.5842276	41.59778	71.20133
123	11	 	 	 	26854	1.123177	42.73468	38.04804
123	12	 	 	 	26855	0.7452936	38.31735	51.41242
123	13	 	 	 	26856	0.7486801	41.89189	55.95433
123	14	 	 	 	26857	0.8842962	43.10603	48.74614
123	15	 	 	 	26858	0.8496596	40.18066	47.2903
123	16	 	 	 	26859	0.7224119	37.06276	51.30419
123	17	 	 	 	26860	0.967131	42.59103	44.03853
123	18	 	 	 	26861	0.819713	40.45672	49.35474
123	19	 	 	 	26862	0.9018574	39.85188	44.18867
123	20	 	 	 	26863	1.176996	41.51437	35.27146
123	21	 	 	 	26864	1.215834	40.07346	32.95965
123	22	 	 	 	26865	1.229786	36.48379	29.66678
123	23	 	 	 	26866	1.38023	40.6592	29.45828
123	24	 	 	 	26867	1.428468	41.30735	28.91724
123	25	 	 	 	26868	1.875714	41.38932	22.0659
123	26	 	 	 	26869	0.903317	41.41065	45.84288
123	27	 	 	 	26870	1.080751	40.25798	37.25
123	28	 	 	 	26871	0.8319637	41.365	49.71972
123	29	 	 	 	26872	0.651211	40.28719	61.86503
123	30	 	 	 	26873	1.184163	35.99501	30.39701
123	31	 	 	 	26874	1.052674	39.87187	37.87675
123	32	 	 	 	26875	0.8017474	43.09619	53.75283
123	33	 	 	 	26876	0.61422	42.93973	69.90936
123	34	 	 	 	26877	0.6178955	43.10259	69.75709
123	35	 	 	 	26878	0.9065936	41.2603	45.51135
123	36	 	 	 	26879	1.297493	40.70504	31.37207
123	37	 	 	 	26880	0.532051	46.24659	86.92135
123	38	 	 	 	26881	1.067351	36.69963	34.38384
123	39	 	 	 	26882	0.5237908	41.80414	79.81076
123	40	 	 	 	26883	1.161356	40.39996	34.78689
123	41	 	 	 	26884	0.8863224	39.10537	44.12093
123	42	 	 	 	26885	0.8903499	43.91372	49.32187
123	43	 	 	 	26886	0.5362421	40.33545	75.21873
123	44	 	 	 	26887	0.6847745	39.49315	57.67322
123	45	 	 	 	26888	0.6455436	41.75423	64.68073
123	46	 	 	 	26889	0.6123425	32.07843	52.38642
123	47	 	 	 	26890	0.9839903	39.43553	40.07715
123	48	 	 	 	26891	0.876951	44.54939	50.80032
123	49	 	 	 	26892	0.4759324	43.27247	90.92146
123	50	 	 	 	26893	0.8071668	41.61712	51.5595
123	51	 	 	 	26894	0.889729	33.29822	37.42513
123	52	 	 	 	26895	0.7401893	38.10451	51.47941
123	53	 	 	 	26896	0.9005488	37.60117	41.75362
123	54	 	 	 	26897	1.142707	37.33155	32.6694
123	55	 	 	 	26898	0.5910134	40.64148	68.76575
123	56	 	 	 	26899	1.200563	39.13206	32.59476
123	57	 	 	 	26900	0.8062622	41.12151	51.00265
123	58	 	 	 	26901	1.097889	36.05738	32.84246
123	59	 	 	 	26902	1.343214	41.034	30.54912
123	60	 	 	 	26903	0.5992428	42.76888	71.37154
123	61	 	 	 	26904	0.7180693	42.91711	59.76737
123	62	 	 	 	26905	0.9500963	39.87782	41.9724
123	63	 	 	 	26906	0.6861259	40.71678	59.34302
123	64	 	 	 	26907	0.7998375	42.29291	52.87688
123	65	 	 	 	26908	0.8574161	39.7796	46.39474
123	66	 	 	 	26909	1.388264	39.92645	28.75998
123	67	 	 	 	26910	0.7432086	42.49929	57.18353
123	68	 	 	 	26911	0.944961	35.8225	37.90897
123	69	 	 	 	26912	0.7395977	42.05917	56.86763
123	70	 	 	 	26913	0.7978814	41.08221	51.48912
123	71	 	 	 	26914	0.8422627	38.14711	45.29123
123	72	 	 	 	26915	0.71258	38.81162	54.46633
123	73	 	 	 	26916	1.046433	38.73551	37.01671
123	74	 	 	 	26917	0.8937419	37.71338	42.19717
123	75	 	 	 	26918	0.7755961	44.58864	57.48951
123	76	 	 	 	26919	0.5110977	45.00106	88.04786
123	77	 	 	 	26920	0.7483301	44.70703	59.74239
123	78	 	 	 	26921	0.9946579	43.66552	43.90004
123	79	 	 	 	26922	1.262337	44.88869	35.55999
123	80	 	 	 	26923	0.7579213	40.6803	53.67351
123	81	 	 	 	26924	1.66269	37.01412	22.26159
123	82	 	 	 	26925	1.175747	39.49337	33.59002
123	83	 	 	 	26926	0.7346767	41.82825	56.93423
123	84	 	 	 	26927	0.8522191	38.86151	45.60037
123	85	 	 	 	26928	0.949546	40.65703	42.81734
123	86	 	 	 	26929	1.051943	43.29969	41.16163
123	87	 	 	 	26930	0.6641798	37.24011	56.06932
123	88	 	 	 	26931	0.7216404	38.63396	53.5363
123	89	 	 	 	26932	1.043548	41.75291	40.01053
123	90	 	 	 	26933	0.9584372	42.25108	44.08331
123	91	 	 	 	26934	0.8670726	36.68292	42.30663
123	92	 	 	 	26935	1.03786	36.51519	35.18316
123	93	 	 	 	26936	0.8752993	40.30981	46.0526
123	94	 	 	 	26937	0.797393	37.78593	47.38683
123	95	 	 	 	26938	0.9020928	41.58599	46.09946
123	96	 	 	 	26939	0.6068959	40.8644	67.33346
123	97	 	 	 	26940	1.395363	41.8254	29.97457
123	98	 	 	 	26941	0.8735973	40.01805	45.80835
123	99	 	 	 	26942	1.195189	39.43035	32.99089
123	100	 	 	 	26943	0.9234719	39.34468	42.60517
123	101	 	 	 	26944	0.706896	43.2861	61.23404
123	102	 	 	 	26945	1.025891	41.30263	40.26025
123	103	 	 	 	26946	0.8582348	35.27247	41.09886
123	104	 	 	 	26947	0.5907944	39.22011	66.38538
123	105	 	 	 	26948	0.7026903	41.14097	58.5478
123	106	 	 	 	26949	1.050048	37.09352	35.32555
123	107	 	 	 	26950	0.7770085	36.97161	47.58199
123	108	 	 	 	26951	0.7320906	45.54271	62.20912
123	109	 	 	 	26952	1.212545	42.53887	35.0823
123	110	 	 	 	26953	0.6694006	41.44542	61.91423
123	111	 	 	 	26954	0.7742957	38.54754	49.784
123	112	 	 	 	26955	0.8990079	41.22697	45.8583
123	113	 	 	 	26956	1.063066	42.34381	39.83178
123	114	 	 	 	26957	0.594925	39.55041	66.47966
123	115	 	 	 	26958	0.5892334	40.65145	68.9904
123	116	 	 	 	26959	0.7780294	40.72037	52.33783
123	117	 	 	 	26960	0.7787392	37.68599	48.3936
123	118	 	 	 	26961	0.8247155	40.3592	48.93712
123	119	 	 	 	26962	0.7017785	40.5767	57.81981
123	120	 	 	 	26963	0.6394087	39.45308	61.70244
123	121	 	 	 	26964	0.6332036	39.65637	62.62815
123	122	 	 	 	26965	0.8699505	40.05343	46.04104
123	123	 	 	 	26966	1.131339	38.25587	33.81468
123	124	 	 	 	26967	0.8356198	42.13042	50.41817
123	125	 	 	 	26968	1.860093	45.34886	24.37989
123	126	 	 	 	26969	0.6428844	40.01454	62.2422
123	127	 	 	 	26970	1.408188	42.33509	30.06352
123	128	 	 	 	26971	0.4834718	40.02512	82.78688
123	129	 	 	 	26972	0.8170686	39.07894	47.82822
123	130	 	 	 	26973	0.9925978	41.9509	42.26374
123	131	 	 	 	26974	0.6724024	42.09269	62.60045
123	132	 	 	 	26975	0.7722958	40.92411	52.9902
123	133	 	 	 	26976	0.7893078	39.94783	50.61122
123	134	 	 	 	26977	0.601535	39.95964	66.42945
123	135	 	 	 	26978	0.7018089	42.37735	60.38303
123	136	 	 	 	26979	0.5632337	39.05862	69.34709
123	137	 	 	 	26980	0.774567	38.1398	49.24016
123	138	 	 	 	26981	0.8358094	41.13958	49.22125
123	139	 	 	 	26982	0.8316443	40.39253	48.56948
123	140	 	 	 	26983	1.12825	41.27435	36.58263
123	141	 	 	 	26984	0.6031925	33.40086	55.37347
123	142	 	 	 	26985	0.663576	40.13156	60.47771
123	143	 	 	 	26986	0.4974066	35.90786	72.19016
123	144	 	 	 	26987	0.7207624	42.14054	58.46662
123	145	 	 	 	26988	0.6367186	38.7299	60.82734
123	146	 	 	 	26989	0.627443	33.23619	52.97085
123	147	 	 	 	26990	0.8849849	38.19333	43.15704