"Experiment number"	"Plot number"	"Sampling date (YYMMDD)"	"Root biomass (g/m2)"	"Depth"	"Strip"	"Grazed"
123	1	970721	687.45	 	 	 
123	2	970721	524.63	 	 	 
123	3	970721	1738.35	 	 	 
123	4	970721	118.41	 	 	 
123	5	970721	1787.69	 	 	 
123	6	970721	131.57	 	 	 
123	7	970721	776.25	 	 	 
123	8	970721	1011.43	 	 	 
123	9	970721	110.19	 	 	 
123	10	970721	675.93	 	 	 
123	11	970721	100.32	 	 	 
123	12	970721	460.49	 	 	 
123	13	970721	481.87	 	 	 
123	14	970721	945.65	 	 	 
123	15	970721	1277.86	 	 	 
123	16	970721	524.63	 	 	 
123	17	970721	450.62	 	 	 
123	18	970721	292.74	 	 	 
123	19	970721	955.52	 	 	 
123	20	970721	69.07	 	 	 
123	21	970721	131.57	 	 	 
123	22	970721	215.44	 	 	 
123	23	970721	108.54	 	 	 
123	24	970721	636.46	 	 	 
123	25	970721	564.1	 	 	 
123	26	970721	529.56	 	 	 
123	27	970721	254.91	 	 	 
123	28	970721	1014.72	 	 	 
123	29	970721	1730.13	 	 	 
123	30	970721	296.03	 	 	 
123	31	970721	444.04	 	 	 
123	32	970721	1769.6	 	 	 
123	33	970721	721.98	 	 	 
123	34	970721	513.12	 	 	 
123	35	970721	440.75	 	 	 
123	36	970721	485.16	 	 	 
123	37	970721	2136.34	 	 	 
123	38	970721	407.86	 	 	 
123	39	970721	391.42	 	 	 
123	40	970721	302.61	 	 	 
123	41	970721	496.67	 	 	 
123	42	970721	552.59	 	 	 
123	43	970721	314.12	 	 	 
123	44	970721	389.77	 	 	 
123	45	970721	1274.57	 	 	 
123	46	970721	1388.05	 	 	 
123	47	970721	162.82	 	 	 
123	48	970721	223.67	 	 	 
123	49	970721	1391.34	 	 	 
123	50	970721	222.02	 	 	 
123	51	970721	259.85	 	 	 
123	52	970722	682.51	 	 	 
123	53	970722	281.23	 	 	 
123	54	970722	470.36	 	 	 
123	55	970722	399.64	 	 	 
123	56	970722	273	 	 	 
123	57	970722	740.07	 	 	 
123	58	970722	754.87	 	 	 
123	59	970722	148.01	 	 	 
123	60	970722	437.47	 	 	 
123	61	970722	700.6	 	 	 
123	62	970722	437.47	 	 	 
123	63	970722	253.27	 	 	 
123	64	970722	297.67	 	 	 
123	65	970722	167.75	 	 	 
123	66	970722	212.15	 	 	 
123	67	970722	496.67	 	 	 
123	68	970722	876.57	 	 	 
123	69	970722	2243.24	 	 	 
123	70	970722	333.85	 	 	 
123	71	970722	695.67	 	 	 
123	72	970722	669.35	 	 	 
123	73	970722	473.65	 	 	 
123	74	970722	1213.72	 	 	 
123	75	970722	620.02	 	 	 
123	76	970722	499.96	 	 	 
123	77	970722	522.98	 	 	 
123	78	970722	838.75	 	 	 
123	79	970722	287.81	 	 	 
123	80	970722	763.1	 	 	 
123	81	970722	185.84	 	 	 
123	82	970722	680.87	 	 	 
123	83	970722	539.43	 	 	 
123	84	970723	1526.19	 	 	 
123	85	970722	1524.55	 	 	 
123	86	970722	713.76	 	 	 
123	87	970722	577.26	 	 	 
123	88	970722	546.01	 	 	 
123	89	970722	585.48	 	 	 
123	90	970722	46.05	 	 	 
123	91	970722	575.61	 	 	 
123	92	970722	208.86	 	 	 
123	93	970722	2279.42	 	 	 
123	94	970723	1070.64	 	 	 
123	95	970722	809.15	 	 	 
123	96	970723	993.34	 	 	 
123	97	970723	812.44	 	 	 
123	98	970723	1342	 	 	 
123	99	970723	460.49	 	 	 
123	100	970723	698.96	 	 	 
123	101	970723	855.19	 	 	 
123	102	970723	481.87	 	 	 
123	103	970723	613.44	 	 	 
123	104	970723	472	 	 	 
123	105	970723	225.31	 	 	 
123	106	970723	136.5	 	 	 
123	107	970723	871.64	 	 	 
123	108	970723	327.28	 	 	 
123	109	970723	402.93	 	 	 
123	110	970723	766.39	 	 	 
123	111	970723	769.68	 	 	 
123	112	970723	516.41	 	 	 
123	113	970723	434.18	 	 	 
123	114	970723	182.55	 	 	 
123	115	970723	513.12	 	 	 
123	116	970723	902.89	 	 	 
123	117	970723	1116.69	 	 	 
123	118	970723	299.32	 	 	 
123	119	970723	1062.42	 	 	 
123	120	970723	467.07	 	 	 
123	121	970723	794.34	 	 	 
123	122	970723	865.06	 	 	 
123	123	970723	315.76	 	 	 
123	124	970723	929.2	 	 	 
123	125	970723	379.9	 	 	 
123	126	970723	396.35	 	 	 
123	127	970723	491.74	 	 	 
123	128	970723	3007.98	 	 	 
123	129	970723	583.84	 	 	 
123	130	970723	121.7	 	 	 
123	131	970723	942.36	 	 	 
123	132	970723	934.14	 	 	 
123	133	970723	562.46	 	 	 
123	134	970723	578.9	 	 	 
123	135	970723	1973.53	 	 	 
123	136	970723	855.19	 	 	 
123	137	970723	657.84	 	 	 
123	138	970723	1031.17	 	 	 
123	139	970723	498.32	 	 	 
123	140	970723	393.06	 	 	 
123	141	970723	779.54	 	 	 
123	142	970723	376.61	 	 	 
123	143	970723	1588.69	 	 	 
123	144	970723	894.67	 	 	 
123	145	970723	1027.88	 	 	 
123	146	970723	598.64	 	 	 
123	147	970723	468.71	 	 	 
 	1	980721	340.77	0-10 cm	 	 
 	1	980721	212.26	10-20 cm	 	 
 	1	980721	113.78	20-30 cm	 	 
 	2	980721	170.71	0-10 cm	 	 
 	2	980721	212.92	10-20 cm	 	 
 	2	980721	27.97	20-30 cm	 	 
 	3	980721	451.67	0-10 cm	 	 
 	3	980721	120.53	10-20 cm	 	 
 	3	980721	13.99	20-30 cm	 	 
 	4	980721	197.29	0-10 cm	 	 
 	4	980721	87.21	10-20 cm	 	 
 	4	980721	3.62	20-30 cm	 	 
 	5	980721	408.23	0-10 cm	 	 
 	5	980721	438.84	10-20 cm	 	 
 	5	980721	281.37	20-30 cm	 	 
 	6	980721	158.21	0-10 cm	 	 
 	6	980721	86.96	10-20 cm	 	 
 	6	980721	16.45	20-30 cm	 	 
 	7	980721	418.76	0-10 cm	 	 
 	7	980721	92.56	10-20 cm	 	 
 	7	980721	18.1	20-30 cm	 	 
 	8	980721	110.24	0-10 cm	 	 
 	8	980721	32.91	10-20 cm	 	 
 	8	980721	1.32	20-30 cm	 	 
 	9	980721	189.23	0-10 cm	 	 
 	9	980721	58.41	10-20 cm	 	 
 	9	980721	7.4	20-30 cm	 	 
 	10	980721	159.69	0-10 cm	 	 
 	10	980721	60.06	10-20 cm	 	 
 	10	980721	72.4	20-30 cm	 	 
 	11	980721	60.88	0-10 cm	 	 
 	11	980721	46.89	10-20 cm	 	 
 	11	980721	11.52	20-30 cm	 	 
 	12	980721	457.84	0-10 cm	 	 
 	12	980721	102.02	10-20 cm	 	 
 	12	980721	48.54	20-30 cm	 	 
 	13	980721	324.97	0-10 cm	 	 
 	13	980721	137.39	10-20 cm	 	 
 	13	980721	90.5	20-30 cm	 	 
 	14	980721	461.55	0-10 cm	 	 
 	14	980721	183.47	10-20 cm	 	 
 	14	980721	90.5	20-30 cm	 	 
 	15	980721	578.62	0-10 cm	 	 
 	15	980721	199.51	10-20 cm	 	 
 	15	980721	60.55	20-30 cm	 	 
 	16	980721	649.78	0-10 cm	 	 
 	16	980721	153.85	10-20 cm	 	 
 	16	980721	105.31	20-30 cm	 	 
 	17	980721	580.26	0-10 cm	 	 
 	17	980721	204.03	10-20 cm	 	 
 	17	980721	68.29	20-30 cm	 	 
 	18	980721	306.3	0-10 cm	 	 
 	18	980721	123.41	10-20 cm	 	 
 	18	980721	66.64	20-30 cm	 	 
 	19	980721	586.52	0-10 cm	 	 
 	19	980721	180.34	10-20 cm	 	 
 	19	980721	46.73	20-30 cm	 	 
 	20	980721	195.48	0-10 cm	 	 
 	20	980721	27.97	10-20 cm	 	 
 	20	980721	1.73	20-30 cm	 	 
 	21	980721	18.1	0-10 cm	 	 
 	21	980721	5.76	10-20 cm	 	 
 	21	980721	0	20-30 cm	 	 
 	22	980721	41.14	0-10 cm	 	 
 	22	980721	3.29	10-20 cm	 	 
 	22	980721	0	20-30 cm	 	 
 	23	980721	50.19	0-10 cm	 	 
 	23	980721	19.75	10-20 cm	 	 
 	23	980721	4.11	20-30 cm	 	 
 	24	980721	431.1	0-10 cm	 	 
 	24	980721	99.71	10-20 cm	 	 
 	24	980721	33.73	20-30 cm	 	 
 	25	980721	127.52	0-10 cm	 	 
 	25	980721	43.85	10-20 cm	 	 
 	25	980721	8.23	20-30 cm	 	 
 	26	980721	327.03	0-10 cm	 	 
 	26	980721	205.84	10-20 cm	 	 
 	26	980721	86.71	20-30 cm	 	 
 	27	980721	155.74	0-10 cm	 	 
 	27	980721	41.96	10-20 cm	 	 
 	27	980721	22.21	20-30 cm	 	 
 	28	980721	700.79	0-10 cm	 	 
 	28	980721	186.02	10-20 cm	 	 
 	28	980721	60.14	20-30 cm	 	 
 	29	980721	857.68	0-10 cm	 	 
 	29	980721	265.99	10-20 cm	 	 
 	29	980721	81.61	20-30 cm	 	 
 	30	980721	332.38	0-10 cm	 	 
 	30	980721	118.39	10-20 cm	 	 
 	30	980721	14.81	20-30 cm	 	 
 	31	980721	517.41	0-10 cm	 	 
 	31	980721	185.11	10-20 cm	 	 
 	31	980721	62.53	20-30 cm	 	 
 	32	980721	836.95	0-10 cm	 	 
 	32	980721	274.71	10-20 cm	 	 
 	32	980721	55.94	20-30 cm	 	 
 	33	980721	1104.09	0-10 cm	 	 
 	33	980721	184.78	10-20 cm	 	 
 	33	980721	95.93	20-30 cm	 	 
 	34	980721	380.34	0-10 cm	 	 
 	34	980721	229.62	10-20 cm	 	 
 	34	980721	99.96	20-30 cm	 	 
 	35	980721	60.88	0-10 cm	 	 
 	35	980721	69.93	10-20 cm	 	 
 	35	980721	8.23	20-30 cm	 	 
 	36	980721	72.4	0-10 cm	 	 
 	36	980721	11.52	10-20 cm	 	 
 	36	980721	1.65	20-30 cm	 	 
 	37	980721	279.72	0-10 cm	 	 
 	37	980721	115.18	10-20 cm	 	 
 	37	980721	33.73	20-30 cm	 	 
 	38	980721	353.69	0-10 cm	 	 
 	38	980721	47.72	10-20 cm	 	 
 	38	980721	25.5	20-30 cm	 	 
 	39	980721	106.13	0-10 cm	 	 
 	39	980721	77.34	10-20 cm	 	 
 	39	980721	68.29	20-30 cm	 	 
 	40	980721	711.9	0-10 cm	 	 
 	40	980721	54.3	10-20 cm	 	 
 	40	980721	140.03	20-30 cm	 	 
 	41	980721	1007.17	0-10 cm	 	 
 	41	980721	318.31	10-20 cm	 	 
 	41	980721	54.79	20-30 cm	 	 
 	42	980721	464.01	0-10 cm	 	 
 	42	980721	73.22	10-20 cm	 	 
 	42	980721	14.81	20-30 cm	 	 
 	43	980721	73.22	0-10 cm	 	 
 	43	980721	228.72	10-20 cm	 	 
 	43	980721	107.78	20-30 cm	 	 
 	44	980721	774.18	0-10 cm	 	 
 	44	980721	212.84	10-20 cm	 	 
 	44	980721	58	20-30 cm	 	 
 	45	980721	1030.21	0-10 cm	 	 
 	45	980721	613.75	10-20 cm	 	 
 	45	980721	138.88	20-30 cm	 	 
 	46	980721	812.02	0-10 cm	 	 
 	46	980721	203.29	10-20 cm	 	 
 	46	980721	103.58	20-30 cm	 	 
 	47	980721	727.28	0-10 cm	 	 
 	47	980721	183.3	10-20 cm	 	 
 	47	980721	30.69	20-30 cm	 	 
 	48	980721	656.45	0-10 cm	 	 
 	48	980721	115.18	10-20 cm	 	 
 	48	980721	21.39	20-30 cm	 	 
 	49	980721	290.5	0-10 cm	 	 
 	49	980721	111.31	10-20 cm	 	 
 	49	980721	29.29	20-30 cm	 	 
 	50	980721	273.14	0-10 cm	 	 
 	50	980721	79.8	10-20 cm	 	 
 	50	980721	20.57	20-30 cm	 	 
 	51	980721	251.18	0-10 cm	 	 
 	51	980721	77.99	10-20 cm	 	 
 	51	980721	33.73	20-30 cm	 	 
 	52	980721	391.45	0-10 cm	 	 
 	52	980721	183.3	10-20 cm	 	 
 	52	980721	109.42	20-30 cm	 	 
 	53	980721	306.38	0-10 cm	 	 
 	53	980721	165.45	10-20 cm	 	 
 	53	980721	12.59	20-30 cm	 	 
 	54	980721	419.59	0-10 cm	 	 
 	54	980721	58.82	10-20 cm	 	 
 	54	980721	11.11	20-30 cm	 	 
 	55	980721	672	0-10 cm	 	 
 	55	980721	126.86	10-20 cm	 	 
 	55	980721	39.57	20-30 cm	 	 
 	56	980721	363.56	0-10 cm	 	 
 	56	980721	155.82	10-20 cm	 	 
 	56	980721	49.36	20-30 cm	 	 
 	57	980721	967.11	0-10 cm	 	 
 	57	980721	243.03	10-20 cm	 	 
 	57	980721	72.98	20-30 cm	 	 
 	58	980722	458.67	0-10 cm	 	 
 	58	980722	147.92	10-20 cm	 	 
 	58	980722	25.34	20-30 cm	 	 
 	59	980722	119.29	0-10 cm	 	 
 	59	980722	17.28	10-20 cm	 	 
 	59	980722	1.07	20-30 cm	 	 
 	60	980722	352.95	0-10 cm	 	 
 	60	980722	147.6	10-20 cm	 	 
 	60	980722	31.51	20-30 cm	 	 
 	61	980722	675.04	0-10 cm	 	 
 	61	980722	197.78	10-20 cm	 	 
 	61	980722	58.33	20-30 cm	 	 
 	62	980722	370.55	0-10 cm	 	 
 	62	980722	162.73	10-20 cm	 	 
 	62	980722	50.1	20-30 cm	 	 
 	63	980722	492.64	0-10 cm	 	 
 	63	980722	71.49	10-20 cm	 	 
 	63	980722	12.34	20-30 cm	 	 
 	64	980722	527.94	0-10 cm	 	 
 	64	980722	58.5	10-20 cm	 	 
 	64	980722	24.93	20-30 cm	 	 
 	65	980722	491.08	0-10 cm	 	 
 	65	980722	116.74	10-20 cm	 	 
 	65	980722	25.59	20-30 cm	 	 
 	66	980722	107.94	0-10 cm	 	 
 	66	980722	83.09	10-20 cm	 	 
 	66	980722	9.05	20-30 cm	 	 
 	67	980722	391.37	0-10 cm	 	 
 	67	980722	264.09	10-20 cm	 	 
 	67	980722	40.31	20-30 cm	 	 
 	68	980722	645.59	0-10 cm	 	 
 	68	980722	215.55	10-20 cm	 	 
 	68	980722	89.84	20-30 cm	 	 
 	69	980722	488.12	0-10 cm	 	 
 	69	980722	239.82	10-20 cm	 	 
 	69	980722	37.85	20-30 cm	 	 
 	70	980722	336.99	0-10 cm	 	 
 	70	980722	130.4	10-20 cm	 	 
 	70	980722	52.57	20-30 cm	 	 
 	71	980722	123.65	0-10 cm	 	 
 	71	980722	61.7	10-20 cm	 	 
 	71	980722	6.58	20-30 cm	 	 
 	72	980722	344.8	0-10 cm	 	 
 	72	980722	241.63	10-20 cm	 	 
 	72	980722	126.53	20-30 cm	 	 
 	73	980722	523.83	0-10 cm	 	 
 	73	980722	171.21	10-20 cm	 	 
 	73	980722	27.97	20-30 cm	 	 
 	74	980722	392.44	0-10 cm	 	 
 	74	980722	129.91	10-20 cm	 	 
 	74	980722	64.17	20-30 cm	 	 
 	75	980722	677.59	0-10 cm	 	 
 	75	980722	66.64	10-20 cm	 	 
 	75	980722	8.23	20-30 cm	 	 
 	76	980722	228.72	0-10 cm	 	 
 	76	980722	123.41	10-20 cm	 	 
 	76	980722	57.59	20-30 cm	 	 
 	77	980722	366.93	0-10 cm	 	 
 	77	980722	59.24	10-20 cm	 	 
 	77	980722	0.82	20-30 cm	 	 
 	78	980722	206.5	0-10 cm	 	 
 	78	980722	134.93	10-20 cm	 	 
 	78	980722	23.04	20-30 cm	 	 
 	79	980722	74.04	0-10 cm	 	 
 	79	980722	45.25	10-20 cm	 	 
 	79	980722	0.82	20-30 cm	 	 
 	80	980722	1035.97	0-10 cm	 	 
 	80	980722	161.01	10-20 cm	 	 
 	80	980722	41.88	20-30 cm	 	 
 	81	980722	205.19	0-10 cm	 	 
 	81	980722	86.71	10-20 cm	 	 
 	81	980722	7.73	20-30 cm	 	 
 	82	980722	232.01	0-10 cm	 	 
 	82	980722	170.3	10-20 cm	 	 
 	82	980722	24.68	20-30 cm	 	 
 	83	980722	208.15	0-10 cm	 	 
 	83	980722	375.16	10-20 cm	 	 
 	83	980722	126.7	20-30 cm	 	 
 	84	980722	643.45	0-10 cm	 	 
 	84	980722	263.19	10-20 cm	 	 
 	84	980722	49.77	20-30 cm	 	 
 	85	980722	605.36	0-10 cm	 	 
 	85	980722	68.7	10-20 cm	 	 
 	85	980722	142	20-30 cm	 	 
 	86	980722	324.97	0-10 cm	 	 
 	86	980722	126.7	10-20 cm	 	 
 	86	980722	65.82	20-30 cm	 	 
 	87	980722	862.46	0-10 cm	 	 
 	87	980722	181	10-20 cm	 	 
 	87	980722	62.53	20-30 cm	 	 
 	88	980722	1917.92	0-10 cm	 	 
 	88	980722	169.64	10-20 cm	 	 
 	88	980722	90.17	20-30 cm	 	 
 	89	980722	1018.77	0-10 cm	 	 
 	89	980722	201.73	10-20 cm	 	 
 	89	980722	50.93	20-30 cm	 	 
 	90	980722	420.41	0-10 cm	 	 
 	90	980722	7.4	10-20 cm	 	 
 	90	980722	1.48	20-30 cm	 	 
 	91	980722	265.82	0-10 cm	 	 
 	91	980722	80.63	10-20 cm	 	 
 	91	980722	13.99	20-30 cm	 	 
 	92	980722	291.16	0-10 cm	 	 
 	92	980722	52.65	10-20 cm	 	 
 	92	980722	1.65	20-30 cm	 	 
 	93	980722	440.73	0-10 cm	 	 
 	93	980722	112.38	10-20 cm	 	 
 	93	980722	72.48	20-30 cm	 	 
 	94	980722	634.65	0-10 cm	 	 
 	94	980722	180.01	10-20 cm	 	 
 	94	980722	72.07	20-30 cm	 	 
 	95	980722	556.98	0-10 cm	 	 
 	95	980722	180.59	10-20 cm	 	 
 	95	980722	56.36	20-30 cm	 	 
 	96	980722	1025.85	0-10 cm	 	 
 	96	980722	133.28	10-20 cm	 	 
 	96	980722	65.82	20-30 cm	 	 
 	97	980722	156.4	0-10 cm	 	 
 	97	980722	18.92	10-20 cm	 	 
 	97	980722	4.94	20-30 cm	 	 
 	98	980722	477.84	0-10 cm	 	 
 	98	980722	156.32	10-20 cm	 	 
 	98	980722	28.38	20-30 cm	 	 
 	99	980723	116	0-10 cm	 	 
 	99	980723	131.64	10-20 cm	 	 
 	99	980723	46.89	20-30 cm	 	 
 	100	980723	442.46	0-10 cm	 	 
 	100	980723	151.63	10-20 cm	 	 
 	100	980723	56.77	20-30 cm	 	 
 	101	980723	429.46	0-10 cm	 	 
 	101	980723	92.97	10-20 cm	 	 
 	101	980723	15.63	20-30 cm	 	 
 	102	980723	251.83	0-10 cm	 	 
 	102	980723	143.98	10-20 cm	 	 
 	102	980723	64.17	20-30 cm	 	 
 	103	980723	273.97	0-10 cm	 	 
 	103	980723	150.39	10-20 cm	 	 
 	103	980723	45.25	20-30 cm	 	 
 	104	980723	481.21	0-10 cm	 	 
 	104	980723	140.03	10-20 cm	 	 
 	104	980723	28.38	20-30 cm	 	 
 	105	980723	770.39	0-10 cm	 	 
 	105	980723	115.35	10-20 cm	 	 
 	105	980723	20.32	20-30 cm	 	 
 	106	980723	241.06	0-10 cm	 	 
 	106	980723	172.44	10-20 cm	 	 
 	106	980723	5.76	20-30 cm	 	 
 	107	980723	547.19	0-10 cm	 	 
 	107	980723	146.77	10-20 cm	 	 
 	107	980723	39.24	20-30 cm	 	 
 	108	980723	302.76	0-10 cm	 	 
 	108	980723	114.36	10-20 cm	 	 
 	108	980723	26.33	20-30 cm	 	 
 	109	980723	232.01	0-10 cm	 	 
 	109	980723	71.58	10-20 cm	 	 
 	109	980723	32.09	20-30 cm	 	 
 	110	980723	338.8	0-10 cm	 	 
 	110	980723	140.11	10-20 cm	 	 
 	110	980723	39.9	20-30 cm	 	 
 	111	980723	349.66	0-10 cm	 	 
 	111	980723	109.01	10-20 cm	 	 
 	111	980723	26.33	20-30 cm	 	 
 	112	980723	120.12	0-10 cm	 	 
 	112	980723	73.22	10-20 cm	 	 
 	112	980723	21.39	20-30 cm	 	 
 	113	980723	99.55	0-10 cm	 	 
 	113	980723	234.06	10-20 cm	 	 
 	113	980723	41.96	20-30 cm	 	 
 	114	980723	334.52	0-10 cm	 	 
 	114	980723	79.72	10-20 cm	 	 
 	114	980723	33.73	20-30 cm	 	 
 	115	980723	296.51	0-10 cm	 	 
 	115	980723	142.41	10-20 cm	 	 
 	115	980723	113.78	20-30 cm	 	 
 	116	980723	548.75	0-10 cm	 	 
 	116	980723	111.56	10-20 cm	 	 
 	116	980723	75.44	20-30 cm	 	 
 	117	980723	954.44	0-10 cm	 	 
 	117	980723	170.06	10-20 cm	 	 
 	117	980723	46.07	20-30 cm	 	 
 	118	980723	316.75	0-10 cm	 	 
 	118	980723	156.32	10-20 cm	 	 
 	118	980723	38.67	20-30 cm	 	 
 	119	980723	502.02	0-10 cm	 	 
 	119	980723	80.63	10-20 cm	 	 
 	119	980723	8.23	20-30 cm	 	 
 	120	980723	326.46	0-10 cm	 	 
 	120	980723	79.8	10-20 cm	 	 
 	120	980723	17.85	20-30 cm	 	 
 	121	980723	411.11	0-10 cm	 	 
 	121	980723	131.88	10-20 cm	 	 
 	121	980723	11.52	20-30 cm	 	 
 	122	980723	192.27	0-10 cm	 	 
 	122	980723	75.69	10-20 cm	 	 
 	122	980723	69.93	20-30 cm	 	 
 	123	980723	533.12	0-10 cm	 	 
 	123	980723	99.55	10-20 cm	 	 
 	123	980723	21.39	20-30 cm	 	 
 	124	980723	796.97	0-10 cm	 	 
 	124	980723	186.1	10-20 cm	 	 
 	124	980723	55.78	20-30 cm	 	 
 	125	980723	153.03	0-10 cm	 	 
 	125	980723	125.05	10-20 cm	 	 
 	125	980723	18.92	20-30 cm	 	 
 	126	980723	763.65	0-10 cm	 	 
 	126	980723	185.85	10-20 cm	 	 
 	126	980723	52.65	20-30 cm	 	 
 	127	980723	452	0-10 cm	 	 
 	127	980723	81.45	10-20 cm	 	 
 	127	980723	18.92	20-30 cm	 	 
 	128	980723	1002.98	0-10 cm	 	 
 	128	980723	157.88	10-20 cm	 	 
 	128	980723	98.07	20-30 cm	 	 
 	129	980723	733.37	0-10 cm	 	 
 	129	980723	302.02	10-20 cm	 	 
 	129	980723	62.53	20-30 cm	 	 
 	130	980723	173.59	0-10 cm	 	 
 	130	980723	101.19	10-20 cm	 	 
 	130	980723	31.26	20-30 cm	 	 
 	131	980723	1003.55	0-10 cm	 	 
 	131	980723	255.87	10-20 cm	 	 
 	131	980723	69.11	20-30 cm	 	 
 	132	980723	426.5	0-10 cm	 	 
 	132	980723	143.32	10-20 cm	 	 
 	132	980723	59.24	20-30 cm	 	 
 	133	980723	336.33	0-10 cm	 	 
 	133	980723	88.28	10-20 cm	 	 
 	133	980723	18.51	20-30 cm	 	 
 	134	980723	238.84	0-10 cm	 	 
 	134	980723	169.48	10-20 cm	 	 
 	134	980723	49.53	20-30 cm	 	 
 	135	980723	198.28	0-10 cm	 	 
 	135	980723	77.34	10-20 cm	 	 
 	135	980723	37.02	20-30 cm	 	 
 	136	980723	763.4	0-10 cm	 	 
 	136	980723	260.06	10-20 cm	 	 
 	136	980723	115.26	20-30 cm	 	 
 	137	980723	459.65	0-10 cm	 	 
 	137	980723	145.62	10-20 cm	 	 
 	137	980723	81.45	20-30 cm	 	 
 	138	980723	902.36	0-10 cm	 	 
 	138	980723	246.08	10-20 cm	 	 
 	138	980723	130.73	20-30 cm	 	 
 	139	980723	616.96	0-10 cm	 	 
 	139	980723	109.42	10-20 cm	 	 
 	139	980723	37.02	20-30 cm	 	 
 	140	980723	227.07	0-10 cm	 	 
 	140	980723	39.49	10-20 cm	 	 
 	140	980723	8.23	20-30 cm	 	 
 	141	980723	694.46	0-10 cm	 	 
 	141	980723	295.77	10-20 cm	 	 
 	141	980723	234.47	20-30 cm	 	 
 	142	980723	1142.26	0-10 cm	 	 
 	142	980723	151.38	10-20 cm	 	 
 	142	980723	73.22	20-30 cm	 	 
 	143	980723	848.14	0-10 cm	 	 
 	143	980723	376.81	10-20 cm	 	 
 	143	980723	137.89	20-30 cm	 	 
 	144	980723	367.76	0-10 cm	 	 
 	144	980723	88.03	10-20 cm	 	 
 	144	980723	37.02	20-30 cm	 	 
 	145	980723	1228.65	0-10 cm	 	 
 	145	980723	185.11	10-20 cm	 	 
 	145	980723	33.73	20-30 cm	 	 
 	146	980723	1344.32	0-10 cm	 	 
 	146	980723	264.09	10-20 cm	 	 
 	146	980723	75.69	20-30 cm	 	 
 	147	980723	247.64	0-10 cm	 	 
 	147	980723	93.79	10-20 cm	 	 
 	147	980723	11.52	20-30 cm	 	 
 	1	 	1209.4	 	 	 
 	2	 	942.01	 	 	 
 	3	 	925.56	 	 	 
 	4	 	83.09	 	 	 
 	5	 	789.81	 	 	 
 	6	 	209.79	 	 	 
 	7	 	791.46	 	 	 
 	8	 	1112.32	 	 	 
 	9	 	407.25	 	 	 
 	10	 	894.3	 	 	 
 	11	 	44.43	 	 	 
 	12	 	316.75	 	 	 
 	13	 	826.83	 	 	 
 	14	 	508.44	 	 	 
 	15	 	1009.48	 	 	 
 	16	 	621.15	 	 	 
 	17	 	838.35	 	 	 
 	18	 	493.63	 	 	 
 	19	 	1580.44	 	 	 
 	20	 	393.26	 	 	 
 	21	 	16.45	 	 	 
 	22	 	47.72	 	 	 
 	23	 	218.02	 	 	 
 	24	 	604.7	 	 	 
 	25	 	121.76	 	 	 
 	26	 	1430.71	 	 	 
 	27	 	194.98	 	 	 
 	28	 	1224.21	 	 	 
 	29	 	1133.71	 	 	 
 	30	 	384.21	 	 	 
 	31	 	1282.62	 	 	 
 	32	 	1285.91	 	 	 
 	33	 	949.42	 	 	 
 	34	 	326.62	 	 	 
 	35	 	1076.94	 	 	 
 	36	 	27.97	 	 	 
 	37	 	650.77	 	 	 
 	38	 	205.68	 	 	 
 	39	 	578.37	 	 	 
 	40	 	645.01	 	 	 
 	41	 	976.57	 	 	 
 	42	 	1162.5	 	 	 
 	43	 	812.02	 	 	 
 	44	 	1172.37	 	 	 
 	45	 	938.72	 	 	 
 	46	 	1417.55	 	 	 
 	47	 	1021.82	 	 	 
 	48	 	602.23	 	 	 
 	49	 	1079.41	 	 	 
 	50	 	383.39	 	 	 
 	51	 	443.45	 	 	 
 	52	 	347.19	 	 	 
 	53	 	616.22	 	 	 
 	54	 	320.86	 	 	 
 	55	 	329.09	 	 	 
 	56	 	278.9	 	 	 
 	57	 	917.33	 	 	 
 	58	 	479.65	 	 	 
 	59	 	131.64	 	 	 
 	60	 	1066.24	 	 	 
 	61	 	1369	 	 	 
 	62	 	1131.24	 	 	 
 	63	 	568.5	 	 	 
 	64	 	635.14	 	 	 
 	65	 	714.94	 	 	 
 	66	 	128.34	 	 	 
 	67	 	633.49	 	 	 
 	68	 	1423.3	 	 	 
 	69	 	496.92	 	 	 
 	70	 	636.78	 	 	 
 	71	 	519.14	 	 	 
 	72	 	960.11	 	 	 
 	73	 	476.35	 	 	 
 	74	 	481.29	 	 	 
 	75	 	887.71	 	 	 
 	76	 	810.38	 	 	 
 	77	 	498.57	 	 	 
 	78	 	507.62	 	 	 
 	79	 	168.66	 	 	 
 	80	 	681.21	 	 	 
 	81	 	181	 	 	 
 	82	 	459.08	 	 	 
 	83	 	677.92	 	 	 
 	84	 	481.29	 	 	 
 	85	 	948.6	 	 	 
 	86	 	1034.98	 	 	 
 	87	 	850.69	 	 	 
 	88	 	1537.66	 	 	 
 	89	 	487.05	 	 	 
 	90	 	467.3	 	 	 
 	91	 	559.45	 	 	 
 	92	 	161.25	 	 	 
 	93	 	1295.78	 	 	 
 	94	 	1340.21	 	 	 
 	95	 	722.35	 	 	 
 	96	 	1137.82	 	 	 
 	97	 	617.04	 	 	 
 	98	 	756.08	 	 	 
 	99	 	362.82	 	 	 
 	100	 	222.96	 	 	 
 	101	 	949.42	 	 	 
 	102	 	467.3	 	 	 
 	103	 	352.95	 	 	 
 	104	 	589.07	 	 	 
 	105	 	690.26	 	 	 
 	106	 	188.4	 	 	 
 	107	 	1461.15	 	 	 
 	108	 	917.33	 	 	 
 	109	 	343.07	 	 	 
 	110	 	825.19	 	 	 
 	111	 	983.15	 	 	 
 	112	 	462.37	 	 	 
 	113	 	909.1	 	 	 
 	114	 	351.3	 	 	 
 	115	 	548.75	 	 	 
 	116	 	510.91	 	 	 
 	117	 	937.9	 	 	 
 	118	 	367.76	 	 	 
 	119	 	761.84	 	 	 
 	120	 	561.92	 	 	 
 	121	 	758.55	 	 	 
 	122	 	482.11	 	 	 
 	123	 	780.76	 	 	 
 	124	 	745.38	 	 	 
 	125	 	375.16	 	 	 
 	126	 	310.17	 	 	 
 	127	 	460.72	 	 	 
 	128	 	1018.53	 	 	 
 	129	 	748.67	 	 	 
 	130	 	590.71	 	 	 
 	131	 	1135.35	 	 	 
 	132	 	1400.27	 	 	 
 	133	 	376.81	 	 	 
 	134	 	873.73	 	 	 
 	135	 	505.15	 	 	 
 	136	 	995.49	 	 	 
 	137	 	431.93	 	 	 
 	138	 	528.19	 	 	 
 	139	 	895.12	 	 	 
 	140	 	193.34	 	 	 
 	141	 	1117.25	 	 	 
 	142	 	585.78	 	 	 
 	143	 	1513.8	 	 	 
 	144	 	748.67	 	 	 
 	145	 	1530.26	 	 	 
 	146	 	1173.2	 	 	 
 	147	 	557.8	 	 	 
 	1	40804	268.21	 	1	g
 	1	40804	370.22	 	1	ug
 	2	40804	425.35	 	1	g
 	2	40804	451.67	 	1	ug
 	3	40804	663.11	 	1	g
 	3	40804	319.22	 	1	ug
 	4	40804	134.1	 	1	g
 	4	40804	129.99	 	1	ug
 	5	40804	547.11	 	1	g
 	5	40804	793.92	 	1	ug
 	6	40804	112.71	 	1	g
 	6	40804	116	 	1	ug
 	7	40804	415.47	 	1	g
 	7	40804	418.76	 	1	ug
 	8	40804	144.8	 	1	g
 	8	40804	279.72	 	1	ug
 	9	40804	124.23	 	1	g
 	9	40804	241.88	 	1	ug
 	10	40804	161.25	 	1	g
 	10	40804	396.55	 	1	ug
 	11	40804	64.99	 	1	g
 	11	40804	121.76	 	1	ug
 	12	40804	374.34	 	1	g
 	12	40804	353.77	 	1	ug
 	13	40804	440.98	 	1	g
 	13	40804	795.57	 	1	ug
 	14	40804	171.95	 	1	g
 	14	40804	228.72	 	1	ug
 	15	40804	316.75	 	1	g
 	15	40804	798.04	 	1	ug
 	16	40804	156.32	 	1	g
 	16	40804	240.23	 	1	ug
 	17	40804	491.99	 	1	g
 	17	40804	316.75	 	1	ug
 	18	40804	95.44	 	1	g
 	18	40804	348.01	 	1	ug
 	19	40804	524.07	 	1	g
 	19	40804	714.12	 	1	ug
 	20	40804	83.92	 	1	g
 	20	40804	99.55	 	1	ug
 	21	40804	50.19	 	1	g
 	21	40804	38.67	 	1	ug
 	22	40804	25.5	 	1	g
 	22	40804	104.49	 	1	ug
 	23	40804	126.7	 	1	g
 	23	40804	205.68	 	1	ug
 	24	40804	241.88	 	1	g
 	24	40804	481.29	 	1	ug
 	25	40804	201.57	 	1	g
 	25	40804	22.21	 	1	ug
 	26	40804	426.17	 	1	g
 	26	40804	714.12	 	1	ug
 	27	40804	85.56	 	1	g
 	27	40804	77.34	 	1	ug
 	28	40804	463.19	 	1	g
 	28	40804	259.16	 	1	ug
 	29	40804	645.83	 	1	g
 	29	40804	618.68	 	1	ug
 	30	40804	131.64	 	1	g
 	30	40804	78.98	 	1	ug
 	31	40804	500.21	 	1	g
 	31	40804	373.51	 	1	ug
 	32	40804	1191.3	 	1	g
 	32	40804	466.48	 	1	ug
 	33	40804	320.04	 	1	g
 	33	40804	421.23	 	1	ug
 	34	40804	599.76	 	1	g
 	34	40804	250.93	 	1	ug
 	35	40804	400.66	 	1	g
 	35	40804	674.63	 	1	ug
 	36	40804	41.14	 	1	g
 	36	40804	90.5	 	1	ug
 	37	40804	161.25	 	1	g
 	37	40804	221.31	 	1	ug
 	38	40804	44.43	 	1	g
 	38	40804	242.7	 	1	ug
 	39	40804	605.52	 	1	g
 	39	40804	445.91	 	1	ug
 	40	40804	133.28	 	1	g
 	40	40804	286.31	 	1	ug
 	41	40804	300.29	 	1	g
 	41	40804	235.3	 	1	ug
 	42	40804	190.05	 	1	g
 	42	40804	224.6	 	1	ug
 	43	40804	550.4	 	1	g
 	43	40804	120.12	 	1	ug
 	44	40804	241.06	 	1	g
 	44	40804	1189.65	 	1	ug
 	45	40804	375.98	 	1	g
 	45	40804	529.83	 	1	ug
 	46	40804	737.98	 	1	g
 	46	40804	227.07	 	1	ug
 	47	40804	692.73	 	1	g
 	47	40804	835.06	 	1	ug
 	48	40804	176.06	 	1	g
 	48	40804	265.74	 	1	ug
 	49	40804	550.4	 	1	g
 	49	40804	219.67	 	1	ug
 	50	40804	364.46	 	1	g
 	50	40804	47.72	 	1	ug
 	51	40804	84.74	 	1	g
 	51	40804	114.36	 	1	ug
 	52	40804	605.52	 	1	g
 	52	40804	306.87	 	1	ug
 	53	40804	338.96	 	1	g
 	53	40804	125.88	 	1	ug
 	54	40804	41.96	 	1	g
 	54	40804	100.37	 	1	ug
 	55	40804	139.86	 	1	g
 	55	40804	352.95	 	1	ug
 	56	40804	108.6	 	1	g
 	56	40804	241.88	 	1	ug
 	57	40804	287.95	 	1	g
 	57	40804	291.24	 	1	ug
 	58	40804	148.09	 	1	g
 	58	40804	280.55	 	1	ug
 	59	40804	85.56	 	1	g
 	59	40804	145.62	 	1	ug
 	60	40804	598.94	 	1	g
 	60	40804	241.88	 	1	ug
 	61	40804	603.88	 	1	g
 	61	40804	587.42	 	1	ug
 	62	40804	567.68	 	1	g
 	62	40804	264.92	 	1	ug
 	63	40804	225.43	 	1	g
 	63	40804	228.72	 	1	ug
 	64	40804	282.19	 	1	g
 	64	40804	429.46	 	1	ug
 	65	40804	153.03	 	1	g
 	65	40804	162.08	 	1	ug
 	66	40804	131.64	 	1	g
 	66	40804	336.49	 	1	ug
 	67	40804	236.94	 	1	g
 	67	40804	552.87	 	1	ug
 	68	40804	360.35	 	1	g
 	68	40804	550.4	 	1	ug
 	69	40804	166.19	 	1	g
 	69	40804	332.38	 	1	ug
 	70	40804	362.82	 	1	g
 	70	40804	276.43	 	1	ug
 	71	40804	266.56	 	1	g
 	71	40804	49.36	 	1	ug
 	72	40804	370.22	 	1	g
 	72	40804	391.61	 	1	ug
 	73	40804	187.58	 	1	g
 	73	40804	97.08	 	1	ug
 	74	40804	393.26	 	1	g
 	74	40804	537.24	 	1	ug
 	75	40804	603.88	 	1	g
 	75	40804	1500.64	 	1	ug
 	76	40804	343.9	 	1	g
 	76	40804	308.52	 	1	ug
 	77	40804	201.57	 	1	g
 	77	40804	390.79	 	1	ug
 	78	40804	301.12	 	1	g
 	78	40804	241.06	 	1	ug
 	79	40804	123.41	 	1	g
 	79	40804	66.64	 	1	ug
 	80	40804	925.56	 	1	g
 	80	40804	468.95	 	1	ug
 	81	40804	104.49	 	1	g
 	81	40804	162.9	 	1	ug
 	82	40804	270.67	 	1	g
 	82	40804	259.98	 	1	ug
 	83	40804	338.96	 	1	g
 	83	40804	583.31	 	1	ug
 	84	40804	1136.18	 	1	g
 	84	40804	256.69	 	1	ug
 	85	40804	873.73	 	1	g
 	85	40804	539.7	 	1	ug
 	86	40804	301.12	 	1	g
 	86	40804	276.43	 	1	ug
 	87	40804	389.97	 	1	g
 	87	40804	255.87	 	1	ug
 	88	40804	668.87	 	1	g
 	88	40804	378.45	 	1	ug
 	89	40804	865.5	 	1	g
 	89	40804	496.92	 	1	ug
 	90	40804	66.64	 	1	g
 	90	40804	52.65	 	1	ug
 	91	40804	252.57	 	1	g
 	91	40804	391.61	 	1	ug
 	92	40804	188.4	 	1	g
 	92	40804	49.36	 	1	ug
 	93	40804	617.04	 	1	g
 	93	40804	161.25	 	1	ug
 	94	40804	407.25	 	1	g
 	94	40804	744.56	 	1	ug
 	95	40804	430.28	 	1	g
 	95	40804	417.12	 	1	ug
 	96	40804	442.62	 	1	g
 	96	40804	380.1	 	1	ug
 	97	40804	184.29	 	1	g
 	97	40804	91.32	 	1	ug
 	98	40804	360.35	 	1	g
 	98	40804	264.92	 	1	ug
 	99	40804	128.34	 	1	g
 	99	40804	256.69	 	1	ug
 	100	40804	248.46	 	1	g
 	100	40804	357.06	 	1	ug
 	101	40804	544.64	 	1	g
 	101	40804	392.44	 	1	ug
 	102	40804	278.08	 	1	g
 	102	40804	356.24	 	1	ug
 	103	40804	383.39	 	1	g
 	103	40804	384.21	 	1	ug
 	104	40804	343.07	 	1	g
 	104	40804	717.41	 	1	ug
 	105	40804	287.95	 	1	g
 	105	40804	291.24	 	1	ug
 	106	40804	95.44	 	1	g
 	106	40804	417.12	 	1	ug
 	107	40804	1257.94	 	1	g
 	107	40804	384.21	 	1	ug
 	108	40804	329.91	 	1	g
 	108	40804	645.83	 	1	ug
 	109	40804	167.01	 	1	g
 	109	40804	246.82	 	1	ug
 	110	40804	663.93	 	1	g
 	110	40804	293.71	 	1	ug
 	111	40804	444.27	 	1	g
 	111	40804	454.96	 	1	ug
 	112	40804	199.92	 	1	g
 	112	40804	662.29	 	1	ug
 	113	40804	146.44	 	1	g
 	113	40804	69.93	 	1	ug
 	114	40804	157.96	 	1	g
 	114	40804	255.87	 	1	ug
 	115	40804	568.5	 	1	g
 	115	40804	464.01	 	1	ug
 	116	40804	310.17	 	1	g
 	116	40804	544.64	 	1	ug
 	117	40804	604.7	 	1	g
 	117	40804	601.41	 	1	ug
 	118	40804	354.59	 	1	g
 	118	40804	501.04	 	1	ug
 	119	40804	246.82	 	1	g
 	119	40804	591.54	 	1	ug
 	120	40804	181.82	 	1	g
 	120	40804	173.59	 	1	ug
 	121	40804	233.65	 	1	g
 	121	40804	571.79	 	1	ug
 	122	40804	126.7	 	1	g
 	122	40804	88.03	 	1	ug
 	123	40804	147.27	 	1	g
 	123	40804	211.44	 	1	ug
 	124	40804	324.15	 	1	g
 	124	40804	761.84	 	1	ug
 	125	40804	535.59	 	1	g
 	125	40804	180.18	 	1	ug
 	126	40804	279.72	 	1	g
 	126	40804	352.95	 	1	ug
 	127	40804	287.95	 	1	g
 	127	40804	137.39	 	1	ug
 	128	40804	560.27	 	1	g
 	128	40804	607.17	 	1	ug
 	129	40804	198.28	 	1	g
 	129	40804	691.08	 	1	ug
 	130	40804	43.6	 	1	g
 	130	40804	52.65	 	1	ug
 	131	40804	595.65	 	1	g
 	131	40804	474.71	 	1	ug
 	132	40804	579.19	 	1	g
 	132	40804	941.19	 	1	ug
 	133	40804	458.25	 	1	g
 	133	40804	677.92	 	1	ug
 	134	40804	 	 	1	g
 	134	40804	278.9	 	1	ug
 	135	40804	248.46	 	1	g
 	135	40804	813.67	 	1	ug
 	136	40804	982.33	 	1	g
 	136	40804	451.67	 	1	ug
 	137	40804	567.68	 	1	g
 	137	40804	364.46	 	1	ug
 	138	40804	498.57	 	1	g
 	138	40804	765.95	 	1	ug
 	139	40804	500.21	 	1	g
 	139	40804	575.9	 	1	ug
 	140	40804	376.81	 	1	g
 	140	40804	166.19	 	1	ug
 	141	40804	329.09	 	1	g
 	141	40804	550.4	 	1	ug
 	142	40804	454.14	 	1	g
 	142	40804	980.68	 	1	ug
 	143	40804	246.82	 	1	g
 	143	40804	397.37	 	1	ug
 	144	40804	399.02	 	1	g
 	144	40804	377.63	 	1	ug
 	145	40804	310.17	 	1	g
 	145	40804	408.07	 	1	ug
 	146	40804	764.31	 	1	g
 	146	40804	472.24	 	1	ug
 	147	40804	422.88	 	1	g
 	147	40804	116	 	1	ug