"Field number/letter"	"Experiment number"	"Plot number"	"Subplot number"	"N Level Treatment"	"Soil Remove (in)"	"Black Dirt Added (in)"	"Competition Treatment"	"Competition Species Percentage"	"Sampling Year (YYYY)"	"Sampling Month (MM)"	"Sampling Day (DD)"	"Root biomass (g/sample)"	"Root biomass (g/m2)"	"Depth"	"Type"	"Note"
E	55	1	3	4	0	2	2	SS100	1992	08	12	0.82	226.5747	00-25	 	 
E	55	1	9	4	0	2	4	BG100	1992	08	12	0.59	163.0233	00-25	 	 
E	55	1	11	4	0	2	5	AG100	1992	08	12	1.62	447.6233	00-25	 	 
E	55	1	18	4	0	2	3	AS100	1992	08	12	0.43	118.8136	00-25	 	 
E	55	1	19	4	0	2	6	BD100	1992	08	12	1.68	464.2019	00-25	 	 
E	55	1	20	4	0	2	1	PV100	1992	08	12	1.75	483.5437	00-25	 	 
E	55	2	1	7	4	5	4	BG100	1992	08	12	0.59	163.0233	00-25	 	 
E	55	2	5	7	4	5	1	PV100	1992	08	12	1.83	505.6485	00-25	 	 
E	55	2	13	7	4	5	6	BD100	1992	08	12	0.79	218.2854	00-25	 	 
E	55	2	17	7	4	5	3	AS100	1992	08	12	0.59	163.0233	00-25	 	 
E	55	2	21	7	4	5	2	SS100	1992	08	12	1.96	541.5689	00-25	 	 
E	55	2	22	7	4	5	5	AG100	1992	08	12	3.18	878.6679	00-25	 	 
E	55	3	8	12	7	9	3	AS100	1992	08	12	1.25	345.3883	00-25	 	 
E	55	3	11	12	7	9	4	BG100	1992	08	12	0.82	226.5747	00-25	 	 
E	55	3	16	12	7	9	2	SS100	1992	08	12	1.56	431.0446	00-25	 	 
E	55	3	17	12	7	9	6	BD100	1992	08	12	1.17	323.2835	00-25	 	 
E	55	3	18	12	7	9	5	AG100	1992	08	12	2.62	723.9339	00-25	 	 
E	55	3	19	12	7	9	1	PV100	1992	08	12	2.66	734.9864	00-25	 	 
E	55	4	2	6	3	4	1	PV100	1992	08	12	2.42	668.6718	00-25	 	 
E	55	4	7	6	3	4	3	AS100	1992	08	12	0.62	171.3126	00-25	 	 
E	55	4	13	6	3	4	4	BG100	1992	08	12	0.64	176.8388	00-25	 	 
E	55	4	14	6	3	4	2	SS100	1992	08	12	1.53	422.7553	00-25	 	 
E	55	4	18	6	3	4	6	BD100	1992	08	12	0.68	187.8912	00-25	 	 
E	55	4	23	6	3	4	5	AG100	1992	08	12	3.08	851.0368	00-25	 	 
E	55	5	2	1	0	0.3	6	BD100	1992	08	12	0.29	80.1301	00-25	 	 
E	55	5	5	1	0	0.3	4	BG100	1992	08	12	0.55	151.9709	00-25	 	 
E	55	5	8	1	0	0.3	1	PV100	1992	08	12	0.45	124.3398	00-25	 	 
E	55	5	10	1	0	0.3	3	AS100	1992	08	12	0.17	46.9728	00-25	 	 
E	55	5	18	1	0	0.3	5	AG100	1992	08	12	0.63	174.0757	00-25	 	 
E	55	5	19	1	0	0.3	2	SS100	1992	08	12	0.78	215.5223	00-25	 	 
E	55	6	1	11	6	8	5	AG100	1992	08	12	3.52	972.6135	00-25	 	 
E	55	6	5	11	6	8	4	BG100	1992	08	12	1.82	502.8854	00-25	 	 
E	55	6	8	11	6	8	2	SS100	1992	08	12	2.07	571.9631	00-25	 	 
E	55	6	11	11	6	8	1	PV100	1992	08	12	2.29	632.7514	00-25	 	 
E	55	6	15	11	6	8	6	BD100	1992	08	12	0.71	196.1806	00-25	 	 
E	55	6	23	11	6	8	3	AS100	1992	08	12	0.47	129.866	00-25	 	 
E	55	7	4	14	8	10	5	AG100	1992	08	12	4.78	1320.765	00-25	 	 
E	55	7	7	14	8	10	6	BD100	1992	08	12	0.89	245.9165	00-25	 	 
E	55	7	13	14	8	10	4	BG100	1992	08	12	1.21	334.3359	00-25	 	 
E	55	7	16	14	8	10	2	SS100	1992	08	12	3.55	980.9028	00-25	 	 
E	55	7	20	14	8	10	3	AS100	1992	08	12	0.92	254.2058	00-25	 	 
E	55	7	22	14	8	10	1	PV100	1992	08	12	2.69	743.2757	00-25	 	 
E	55	8	2	10	5	7	2	SS100	1992	08	12	2.27	627.2252	00-25	 	 
E	55	8	5	10	5	7	4	BG100	1992	08	12	1.73	478.0174	00-25	 	 
E	55	8	10	10	5	7	3	AS100	1992	08	12	0.63	174.0757	00-25	 	 
E	55	8	11	10	5	7	5	AG100	1992	08	12	3.24	895.2465	00-25	 	 
E	55	8	12	10	5	7	6	BD100	1992	08	12	1.47	406.1767	00-25	 	 
E	55	8	20	10	5	7	1	PV100	1992	08	12	1.63	450.3864	00-25	 	 
E	55	9	4	2	0	0.5	1	PV100	1992	08	12	1.12	309.4679	00-25	 	 
E	55	9	7	2	0	0.5	2	SS100	1992	08	12	1.03	284.6	00-25	 	 
E	55	9	8	2	0	0.5	6	BD100	1992	08	12	0.63	174.0757	00-25	 	 
E	55	9	9	2	0	0.5	4	BG100	1992	08	12	0.39	107.7612	00-25	 	 
E	55	9	16	2	0	0.5	3	AS100	1992	08	12	0.38	104.9981	00-25	 	 
E	55	9	22	2	0	0.5	5	AG100	1992	08	12	0.7	193.4175	00-25	 	 
E	55	10	2	8	4	5	4	BG100	1992	08	12	0.63	174.0757	00-25	 	 
E	55	10	5	8	4	5	2	SS100	1992	08	12	1.16	320.5204	00-25	 	 
E	55	10	9	8	4	5	5	AG100	1992	08	12	2.06	569.2	00-25	 	 
E	55	10	14	8	4	5	1	PV100	1992	08	12	1.94	536.0427	00-25	 	 
E	55	10	16	8	4	5	3	AS100	1992	08	12	0.79	218.2854	00-25	 	 
E	55	10	23	8	4	5	6	BD100	1992	08	12	0.99	273.5476	00-25	 	 
E	55	11	1	13	8	10	4	BG100	1992	08	12	0.49	135.3922	00-25	 	 
E	55	11	16	13	8	10	2	SS100	1992	08	12	3.54	978.1397	00-25	 	 
E	55	11	17	13	8	10	1	PV100	1992	08	12	1.98	547.0951	00-25	 	 
E	55	11	18	13	8	10	3	AS100	1992	08	12	0.81	223.8116	00-25	 	 
E	55	11	21	13	8	10	6	BD100	1992	08	12	0.97	268.0213	00-25	 	 
E	55	11	23	13	8	10	5	AG100	1992	08	12	3.09	853.7999	00-25	 	 
E	55	12	1	9	4	6	4	BG100	1992	08	12	0.41	113.2874	00-25	 	 
E	55	12	2	9	4	6	1	PV100	1992	08	12	2.67	737.7495	00-25	 	 
E	55	12	18	9	4	6	3	AS100	1992	08	12	0.99	273.5476	00-25	 	 
E	55	12	19	9	4	6	2	SS100	1992	08	12	1.65	455.9126	00-25	 	 
E	55	12	20	9	4	6	5	AG100	1992	08	12	1.93	533.2796	00-25	 	 
E	55	12	22	9	4	6	6	BD100	1992	08	12	0.89	245.9165	00-25	 	 
E	55	13	5	3	0	1	3	AS100	1992	08	12	0.35	96.7087	00-25	 	 
E	55	13	9	3	0	1	6	BD100	1992	08	12	0.48	132.6291	00-25	 	 
E	55	13	11	3	0	1	2	SS100	1992	08	12	1.7	469.7281	00-25	 	 
E	55	13	16	3	0	1	4	BG100	1992	08	12	0.65	179.6019	00-25	 	 
E	55	13	20	3	0	1	5	AG100	1992	08	12	1.11	306.7048	00-25	 	 
E	55	13	23	3	0	1	1	PV100	1992	08	12	1.09	301.1786	00-25	 	 
E	55	14	1	5	0	3	5	AG100	1992	08	12	1.54	425.5184	00-25	 	 
E	55	14	2	5	0	3	6	BD100	1992	08	12	0.6	165.7864	00-25	 	 
E	55	14	9	5	0	3	2	SS100	1992	08	12	1.61	444.8602	00-25	 	 
E	55	14	10	5	0	3	4	BG100	1992	08	12	1.87	516.7009	00-25	 	 
E	55	14	12	5	0	3	3	AS100	1992	08	12	0.64	176.8388	00-25	 	 
E	55	14	18	5	0	3	1	PV100	1992	08	12	1.55	428.2815	00-25	 	 
E	55	1	3	4	0	2	2	SS100	1996	07	03	 	1217.01	00-30	 	 
E	55	1	9	4	0	2	4	BG100	1996	07	03	 	499.96	00-30	 	 
E	55	1	11	4	0	2	5	AG100	1996	07	03	 	1468.63	00-30	 	 
E	55	1	18	4	0	2	3	AS100	1996	07	03	 	111.83	00-30	 	 
E	55	1	19	4	0	2	6	BD100	1996	07	03	 	1424.23	00-30	 	 
E	55	1	20	4	0	2	1	PV100	1996	07	03	 	2937.27	00-30	 	 
E	55	2	1	7	4	5	4	BG100	1996	07	03	 	962.09	00-30	 	 
E	55	2	5	7	4	5	1	PV100	1996	07	03	 	1698.88	00-30	 	 
E	55	2	13	7	4	5	6	BD100	1996	07	03	 	1139.71	00-30	 	 
E	55	2	17	7	4	5	3	AS100	1996	07	03	 	504.89	00-30	 	 
E	55	2	21	7	4	5	2	SS100	1996	07	03	 	1210.43	00-30	 	 
E	55	2	22	7	4	5	5	AG100	1996	07	03	 	1827.16	00-30	 	 
E	55	3	8	12	7	9	3	AS100	1996	07	03	 	309.19	00-30	 	 
E	55	3	11	12	7	9	4	BG100	1996	07	03	 	1223.59	00-30	 	 
E	55	3	16	12	7	9	2	SS100	1996	07	03	 	779.54	00-30	 	 
E	55	3	17	12	7	9	6	BD100	1996	07	03	 	832.17	00-30	 	 
E	55	3	18	12	7	9	5	AG100	1996	07	03	 	1458.77	00-30	 	 
E	55	3	19	12	7	9	1	PV100	1996	07	03	 	1193.98	00-30	 	 
E	55	4	2	6	3	4	1	PV100	1996	07	03	 	827.24	00-30	 	 
E	55	4	7	6	3	4	3	AS100	1996	07	03	 	338.79	00-30	 	 
E	55	4	13	6	3	4	4	BG100	1996	07	03	 	611.79	00-30	 	 
E	55	4	14	6	3	4	2	SS100	1996	07	03	 	1411.07	00-30	 	 
E	55	4	18	6	3	4	6	BD100	1996	07	03	 	1817.29	00-30	 	 
E	55	4	23	6	3	4	5	AG100	1996	07	03	 	1067.35	00-30	 	 
E	55	5	2	1	0	0.3	6	BD100	1996	07	03	 	230.24	00-30	 	 
E	55	5	5	1	0	0.3	4	BG100	1996	07	03	 	381.55	00-30	 	 
E	55	5	8	1	0	0.3	1	PV100	1996	07	03	 	453.91	00-30	 	 
E	55	5	10	1	0	0.3	3	AS100	1996	07	03	 	241.76	00-30	 	 
E	55	5	18	1	0	0.3	5	AG100	1996	07	03	 	947.29	00-30	 	 
E	55	5	19	1	0	0.3	2	SS100	1996	07	03	 	310.83	00-30	 	 
E	55	6	1	11	6	8	5	AG100	1996	07	03	 	1037.75	00-30	 	 
E	55	6	5	11	6	8	4	BG100	1996	07	03	 	2468.55	00-30	 	 
E	55	6	8	11	6	8	2	SS100	1996	07	03	 	1564.02	00-30	 	 
E	55	6	11	11	6	8	1	PV100	1996	07	03	 	916.05	00-30	 	 
E	55	6	15	11	6	8	6	BD100	1996	07	03	 	572.32	00-30	 	 
E	55	6	23	11	6	8	3	AS100	1996	07	03	 	592.06	00-30	 	 
E	55	7	4	14	8	10	5	AG100	1996	07	03	 	3358.28	00-30	 	 
E	55	7	7	14	8	10	6	BD100	1996	07	03	 	2013	00-30	 	 
E	55	7	13	14	8	10	4	BG100	1996	07	03	 	1269.64	00-30	 	 
E	55	7	16	14	8	10	2	SS100	1996	07	03	 	1613.36	00-30	 	 
E	55	7	20	14	8	10	3	AS100	1996	07	03	 	269.72	00-30	 	 
E	55	7	22	14	8	10	1	PV100	1996	07	03	 	1095.31	00-30	 	 
E	55	8	2	10	5	7	2	SS100	1996	07	03	 	740.07	00-30	 	 
E	55	8	5	10	5	7	4	BG100	1996	07	03	 	1121.62	00-30	 	 
E	55	8	10	10	5	7	3	AS100	1996	07	03	 	162.82	00-30	 	 
E	55	8	11	10	5	7	5	AG100	1996	07	03	 	2866.55	00-30	 	 
E	55	8	12	10	5	7	6	BD100	1996	07	03	 	1008.14	00-30	 	 
E	55	8	20	10	5	7	1	PV100	1996	07	03	 	1042.68	00-30	 	 
E	55	9	4	2	0	0.5	1	PV100	1996	07	03	 	562.46	00-30	 	 
E	55	9	7	2	0	0.5	2	SS100	1996	07	03	 	296.03	00-30	 	 
E	55	9	8	2	0	0.5	6	BD100	1996	07	03	 	294.38	00-30	 	 
E	55	9	9	2	0	0.5	4	BG100	1996	07	03	 	365.1	00-30	 	 
E	55	9	16	2	0	0.5	3	AS100	1996	07	03	 	166.11	00-30	 	 
E	55	9	22	2	0	0.5	5	AG100	1996	07	03	 	2276.13	00-30	 	 
E	55	10	2	8	4	5	4	BG100	1996	07	03	 	712.11	00-30	 	 
E	55	10	5	8	4	5	2	SS100	1996	07	03	 	1820.58	00-30	 	 
E	55	10	9	8	4	5	5	AG100	1996	07	03	 	1170.96	00-30	 	 
E	55	10	14	8	4	5	1	PV100	1996	07	03	 	1578.82	00-30	 	 
E	55	10	16	8	4	5	3	AS100	1996	07	03	 	366.75	00-30	 	 
E	55	10	23	8	4	5	6	BD100	1996	07	03	 	863.42	00-30	 	 
E	55	11	1	13	8	10	4	BG100	1996	07	03	 	1639.67	00-30	 	 
E	55	11	16	13	8	10	2	SS100	1996	07	03	 	3545.77	00-30	 	 
E	55	11	17	13	8	10	1	PV100	1996	07	03	 	2453.75	00-30	 	 
E	55	11	18	13	8	10	3	AS100	1996	07	03	 	448.98	00-30	 	 
E	55	11	21	13	8	10	6	BD100	1996	07	03	 	1065.7	00-30	 	 
E	55	11	23	13	8	10	5	AG100	1996	07	03	 	1828.8	00-30	 	 
E	55	12	1	9	4	6	4	BG100	1996	07	03	 	1667.63	00-30	 	 
E	55	12	2	9	4	6	1	PV100	1996	07	03	 	948.94	00-30	 	 
E	55	12	18	9	4	6	3	AS100	1996	07	03	 	347.01	00-30	 	 
E	55	12	19	9	4	6	2	SS100	1996	07	03	 	1098.6	00-30	 	 
E	55	12	20	9	4	6	5	AG100	1996	07	03	 	4292.42	00-30	 	 
E	55	12	22	9	4	6	6	BD100	1996	07	03	 	901.24	00-30	 	 
E	55	13	5	3	0	1	3	AS100	1996	07	03	 	194.06	00-30	 	 
E	55	13	9	3	0	1	6	BD100	1996	07	03	 	651.26	00-30	 	 
E	55	13	11	3	0	1	2	SS100	1996	07	03	 	768.03	00-30	 	 
E	55	13	16	3	0	1	4	BG100	1996	07	03	 	998.28	00-30	 	 
E	55	13	20	3	0	1	5	AG100	1996	07	03	 	455.56	00-30	 	 
E	55	13	23	3	0	1	1	PV100	1996	07	03	 	1180.83	00-30	 	 
E	55	14	1	5	0	3	5	AG100	1996	07	03	 	1381.47	00-30	 	 
E	55	14	2	5	0	3	6	BD100	1996	07	03	 	666.07	00-30	 	 
E	55	14	9	5	0	3	2	SS100	1996	07	03	 	919.33	00-30	 	 
E	55	14	10	5	0	3	4	BG100	1996	07	03	 	559.17	00-30	 	 
E	55	14	12	5	0	3	3	AS100	1996	07	03	 	251.62	00-30	 	 
E	55	14	18	5	0	3	1	PV100	1996	08	03	 	1672.56	00-30	 	 
E	55	1	3	4	0	2	2	SS100	1999	09	08	 	651.59	 	 	 
E	55	1	9	4	0	2	4	BG100	1999	10	08	 	844.11	 	 	 
E	55	1	11	4	0	2	5	AG100	1999	11	08	 	1000.43	 	 	 
E	55	1	18	4	0	2	3	AS100	1999	12	08	 	269.85	 	 	 
E	55	1	19	4	0	2	6	BD100	1999	13	08	 	1627.34	 	 	 
E	55	1	20	4	0	2	1	PV100	1999	14	08	 	1109.03	 	 	 
E	55	2	1	7	4	5	4	BG100	1999	15	08	 	589.07	 	 	 
E	55	2	5	7	4	5	1	PV100	1999	16	08	 	1270.28	 	 	 
E	55	2	13	7	4	5	6	BD100	1999	17	08	 	893.47	 	 	 
E	55	2	17	7	4	5	3	AS100	1999	18	08	 	227.07	 	 	 
E	55	2	21	7	4	5	2	SS100	1999	19	08	 	1429.89	 	 	 
E	55	2	22	7	4	5	5	AG100	1999	20	08	 	1642.15	 	 	 
E	55	3	8	12	7	9	3	AS100	1999	21	08	 	353.77	 	 	 
E	55	3	11	12	7	9	4	BG100	1999	22	08	 	401.49	 	 	 
E	55	3	16	12	7	9	2	SS100	1999	23	08	 	798.04	 	 	 
E	55	3	17	12	7	9	6	BD100	1999	24	08	 	850.69	 	 	 
E	55	3	18	12	7	9	5	AG100	1999	25	08	 	1862.64	 	 	 
E	55	3	19	12	7	9	1	PV100	1999	26	08	 	1085.99	 	 	 
E	55	4	2	6	3	4	1	PV100	1999	27	08	 	929.67	 	 	 
E	55	4	7	6	3	4	3	AS100	1999	28	08	 	273.14	 	 	 
E	55	4	13	6	3	4	4	BG100	1999	29	08	 	707.54	 	 	 
E	55	4	14	6	3	4	2	SS100	1999	30	08	 	1151.81	 	 	 
E	55	4	18	6	3	4	6	BD100	1999	31	08	 	1141.93	 	 	 
E	55	4	23	6	3	4	5	AG100	1999	32	08	 	830.95	 	 	 
E	55	5	2	1	0	0.3	6	BD100	1999	33	08	 	128.34	 	 	 
E	55	5	5	1	0	0.3	4	BG100	1999	34	08	 	366.93	 	 	 
E	55	5	8	1	0	0.3	1	PV100	1999	35	08	 	291.24	 	 	 
E	55	5	10	1	0	0.3	3	AS100	1999	36	08	 	85.56	 	 	 
E	55	5	18	1	0	0.3	5	AG100	1999	37	08	 	357.06	 	 	 
E	55	5	19	1	0	0.3	2	SS100	1999	38	08	 	528.19	 	 	 
E	55	6	1	11	6	8	5	AG100	1999	39	08	 	1653.67	 	 	 
E	55	6	5	11	6	8	4	BG100	1999	40	08	 	944.48	 	 	 
E	55	6	8	11	6	8	2	SS100	1999	41	08	 	1084.34	 	 	 
E	55	6	11	11	6	8	1	PV100	1999	42	08	 	1265.34	 	 	 
E	55	6	15	11	6	8	6	BD100	1999	43	08	 	664.76	 	 	 
E	55	6	23	11	6	8	3	AS100	1999	44	08	 	294.53	 	 	 
E	55	7	4	14	8	10	5	AG100	1999	45	08	 	1225.85	 	 	 
E	55	7	7	14	8	10	6	BD100	1999	46	08	 	988.91	 	 	 
E	55	7	13	14	8	10	4	BG100	1999	47	08	 	1648.73	 	 	 
E	55	7	16	14	8	10	2	SS100	1999	48	08	 	1681.64	 	 	 
E	55	7	20	14	8	10	3	AS100	1999	49	08	 	283.02	 	 	 
E	55	7	22	14	8	10	1	PV100	1999	50	08	 	2288.81	 	 	 
E	55	8	2	10	5	7	2	SS100	1999	51	08	 	1369	 	 	 
E	55	8	5	10	5	7	4	BG100	1999	52	08	 	2688.65	 	 	 
E	55	8	10	10	5	7	3	AS100	1999	53	08	 	413.01	 	 	 
E	55	8	11	10	5	7	5	AG100	1999	54	08	 	1079.41	 	 	 
E	55	8	12	10	5	7	6	BD100	1999	55	08	 	827.66	 	 	 
E	55	8	20	10	5	7	1	PV100	1999	56	08	 	1558.23	 	 	 
E	55	9	4	2	0	0.5	1	PV100	1999	57	08	 	503.5	 	 	 
E	55	9	7	2	0	0.5	2	SS100	1999	58	08	 	549.58	 	 	 
E	55	9	8	2	0	0.5	6	BD100	1999	59	08	 	212.26	 	 	 
E	55	9	9	2	0	0.5	4	BG100	1999	60	08	 	682.86	 	 	 
E	55	9	16	2	0	0.5	3	AS100	1999	61	08	 	92.14	 	 	 
E	55	9	22	2	0	0.5	5	AG100	1999	62	08	 	508.44	 	 	 
E	55	10	2	8	4	5	4	BG100	1999	63	08	 	888.54	 	 	 
E	55	10	5	8	4	5	2	SS100	1999	64	08	 	1158.39	 	 	 
E	55	10	9	8	4	5	5	AG100	1999	65	08	 	1355.84	 	 	 
E	55	10	14	8	4	5	1	PV100	1999	66	08	 	1477.6	 	 	 
E	55	10	16	8	4	5	3	AS100	1999	67	08	 	301.12	 	 	 
E	55	10	23	8	4	5	6	BD100	1999	68	08	 	1084.34	 	 	 
E	55	11	1	13	8	10	4	BG100	1999	69	08	 	730.57	 	 	 
E	55	11	16	13	8	10	2	SS100	1999	70	08	 	513.38	 	 	 
E	55	11	17	13	8	10	1	PV100	1999	71	08	 	1821.5	 	 	 
E	55	11	18	13	8	10	3	AS100	1999	72	08	 	371.87	 	 	 
E	55	11	21	13	8	10	6	BD100	1999	73	08	 	756.9	 	 	 
E	55	11	23	13	8	10	5	AG100	1999	74	08	 	1615.82	 	 	 
E	55	12	1	9	4	6	4	BG100	1999	75	08	 	862.21	 	 	 
E	55	12	2	9	4	6	1	PV100	1999	76	08	 	893.47	 	 	 
E	55	12	18	9	4	6	3	AS100	1999	77	08	 	334.02	 	 	 
E	55	12	19	9	4	6	2	SS100	1999	78	08	 	1016.88	 	 	 
E	55	12	20	9	4	6	5	AG100	1999	79	08	 	1064.6	 	 	 
E	55	12	22	9	4	6	6	BD100	1999	80	08	 	1161.68	 	 	 
E	55	13	5	3	0	1	3	AS100	1999	81	08	 	199.1	 	 	 
E	55	13	9	3	0	1	6	BD100	1999	82	08	 	806.26	 	 	 
E	55	13	11	3	0	1	2	SS100	1999	83	08	 	829.3	 	 	 
E	55	13	16	3	0	1	4	BG100	1999	84	08	 	679.57	 	 	 
E	55	13	20	3	0	1	5	AG100	1999	85	08	 	511.73	 	 	 
E	55	13	23	3	0	1	1	PV100	1999	86	08	 	918.15	 	 	 
E	55	14	1	5	0	3	5	AG100	1999	87	08	 	1556.58	 	 	 
E	55	14	2	5	0	3	6	BD100	1999	88	08	 	952.71	 	 	 
E	55	14	9	5	0	3	2	SS100	1999	89	08	 	985.62	 	 	 
E	55	14	10	5	0	3	4	BG100	1999	90	08	 	439.33	 	 	 
E	55	14	12	5	0	3	3	AS100	1999	91	08	 	75.69	 	 	 
E	55	14	18	5	0	3	1	PV100	1999	92	08	 	993.84	 	 	 
E	55	1	3	4	0	2	2	SS100	2002	08	26	 	0	00-10	Coarse	 
E	55	1	3	4	0	2	2	SS100	2002	08	26	 	232.9941	10-20	Fine	 
E	55	1	3	4	0	2	2	SS100	2002	08	26	 	0	10-20	Coarse	 
E	55	1	3	4	0	2	2	SS100	2002	08	26	 	355.9084	00-10	Fine	 
E	55	1	3	4	0	2	2	SS100	2002	08	26	 	73.5511	20-35	Fine	 
E	55	1	3	4	0	2	2	SS100	2002	08	26	 	4.1959	20-35	Coarse	 
E	55	1	3	4	0	2	2	SS100	2002	08	26	 	817.207	00-10	Crown	 
E	55	1	9	4	0	2	4	BG100	2002	08	26	 	0	00-10	Coarse	 
E	55	1	9	4	0	2	4	BG100	2002	08	26	 	456.3624	00-10	Crown	 
E	55	1	9	4	0	2	4	BG100	2002	08	26	 	248.5435	00-10	Fine	 
E	55	1	9	4	0	2	4	BG100	2002	08	26	 	0	20-35	Coarse	 
E	55	1	9	4	0	2	4	BG100	2002	08	26	 	104.8967	20-35	Fine	 
E	55	1	9	4	0	2	4	BG100	2002	08	26	 	0	10-20	Coarse	 
E	55	1	9	4	0	2	4	BG100	2002	08	26	 	185.3587	10-20	Fine	 
E	55	1	11	4	0	2	5	AG100	2002	08	26	 	20.4857	10-20	Coarse	 
E	55	1	11	4	0	2	5	AG100	2002	08	26	 	78.981	20-35	Fine	 
E	55	1	11	4	0	2	5	AG100	2002	08	26	 	39.9842	20-35	Coarse	 
E	55	1	11	4	0	2	5	AG100	2002	08	26	 	569.404	00-10	Fine	 
E	55	1	11	4	0	2	5	AG100	2002	08	26	 	474.6267	00-10	Crown	 
E	55	1	11	4	0	2	5	AG100	2002	08	26	 	338.8781	10-20	Fine	 
E	55	1	11	4	0	2	5	AG100	2002	08	26	 	32.5797	00-10	Coarse	 
E	55	1	18	4	0	2	3	AS100	2002	08	26	 	32.0861	00-10	Crown	 
E	55	1	18	4	0	2	3	AS100	2002	08	26	 	68.1212	00-10	Fine	 
E	55	1	18	4	0	2	3	AS100	2002	08	26	 	8.8854	20-35	Coarse	panvi?
E	55	1	18	4	0	2	3	AS100	2002	08	26	 	30.852	20-35	Fine	panvi?
E	55	1	18	4	0	2	3	AS100	2002	08	26	 	0	10-20	Coarse	 
E	55	1	18	4	0	2	3	AS100	2002	08	26	 	36.7756	10-20	Fine	 
E	55	1	18	4	0	2	3	AS100	2002	08	26	 	0	00-10	Coarse	 
E	55	1	19	4	0	2	6	BD100	2002	08	26	 	93.0495	20-35	Fine	 
E	55	1	19	4	0	2	6	BD100	2002	08	26	 	1.4809	20-35	Coarse	 
E	55	1	19	4	0	2	6	BD100	2002	08	26	 	440.3194	00-10	Fine	 
E	55	1	19	4	0	2	6	BD100	2002	08	26	 	837.6928	00-10	Crown	 
E	55	1	19	4	0	2	6	BD100	2002	08	26	 	0	00-10	Coarse	 
E	55	1	19	4	0	2	6	BD100	2002	08	26	 	231.76	10-20	Fine	 
E	55	1	19	4	0	2	6	BD100	2002	08	26	 	0	10-20	Coarse	 
E	55	1	20	4	0	2	1	PV100	2002	08	26	 	632.342	00-10	Coarse	 
E	55	1	20	4	0	2	1	PV100	2002	08	26	 	222.8746	10-20	Fine	 
E	55	1	20	4	0	2	1	PV100	2002	08	26	 	603.4646	00-10	Crown	 
E	55	1	20	4	0	2	1	PV100	2002	08	26	 	237.6836	00-10	Fine	 
E	55	1	20	4	0	2	1	PV100	2002	08	26	 	238.6709	20-35	Coarse	 
E	55	1	20	4	0	2	1	PV100	2002	08	26	 	199.9208	20-35	Fine	 
E	55	1	20	4	0	2	1	PV100	2002	08	26	 	134.021	10-20	Coarse	 
E	55	3	8	12	7	9	3	AS100	2002	08	26	 	10.3663	10-20	Coarse	panvi
E	55	3	8	12	7	9	3	AS100	2002	08	26	 	12.5876	20-35	Fine	 
E	55	3	8	12	7	9	3	AS100	2002	08	26	 	26.9029	00-10	Fine	 
E	55	3	8	12	7	9	3	AS100	2002	08	26	 	9.6258	00-10	Crown	 
E	55	3	8	12	7	9	3	AS100	2002	08	26	 	12.5876	10-20	Fine	 
E	55	3	8	12	7	9	3	AS100	2002	08	26	 	49.8568	00-10	Fine	SS PV?
E	55	3	8	12	7	9	3	AS100	2002	08	26	 	46.4014	10-20	Fine	SS PV?
E	55	3	8	12	7	9	3	AS100	2002	08	26	 	9.6258	00-10	Coarse	schsc?
E	55	3	8	12	7	9	3	AS100	2002	08	26	 	31.5924	20-35	Coarse	panvi
E	55	3	8	12	7	9	3	AS100	2002	08	26	 	70.0957	20-35	Fine	panvi?
E	55	3	11	12	7	9	4	BG100	2002	08	26	 	0	20-35	Coarse	 
E	55	3	11	12	7	9	4	BG100	2002	08	26	 	118.9652	20-35	Fine	 
E	55	3	11	12	7	9	4	BG100	2002	08	26	 	0	10-20	Coarse	 
E	55	3	11	12	7	9	4	BG100	2002	08	26	 	176.7201	10-20	Fine	 
E	55	3	11	12	7	9	4	BG100	2002	08	26	 	0	00-10	Coarse	 
E	55	3	11	12	7	9	4	BG100	2002	08	26	 	303.0898	00-10	Crown	 
E	55	3	11	12	7	9	4	BG100	2002	08	26	 	265.327	00-10	Fine	 
E	55	3	16	12	7	9	2	SS100	2002	08	26	 	564.2209	00-10	Crown	 
E	55	3	16	12	7	9	2	SS100	2002	08	26	 	151.2981	20-35	Fine	 
E	55	3	16	12	7	9	2	SS100	2002	08	26	 	290.0085	00-10	Fine	 
E	55	3	16	12	7	9	2	SS100	2002	08	26	 	0	00-10	Coarse	 
E	55	3	16	12	7	9	2	SS100	2002	08	26	 	200.1676	10-20	Fine	 
E	55	3	16	12	7	9	2	SS100	2002	08	26	 	7.6513	10-20	Coarse	 
E	55	3	16	12	7	9	2	SS100	2002	08	26	 	0	20-35	Coarse	 
E	55	3	17	12	7	9	6	BD100	2002	08	26	 	4.4427	20-35	Coarse	Panvi?
E	55	3	17	12	7	9	6	BD100	2002	08	26	 	371.9514	00-10	Fine	 
E	55	3	17	12	7	9	6	BD100	2002	08	26	 	582.7321	00-10	Crown	 
E	55	3	17	12	7	9	6	BD100	2002	08	26	 	0	00-10	Coarse	 
E	55	3	17	12	7	9	6	BD100	2002	08	26	 	0	10-20	Coarse	 
E	55	3	17	12	7	9	6	BD100	2002	08	26	 	264.5865	20-35	Fine	 
E	55	3	17	12	7	9	6	BD100	2002	08	26	 	294.4512	10-20	Fine	 
E	55	3	18	12	7	9	5	AG100	2002	08	26	 	326.0436	20-35	Fine	 
E	55	3	18	12	7	9	5	AG100	2002	08	26	 	451.6729	10-20	Fine	 
E	55	3	18	12	7	9	5	AG100	2002	08	26	 	222.6278	00-10	Coarse	 
E	55	3	18	12	7	9	5	AG100	2002	08	26	 	317.4051	00-10	Crown	 
E	55	3	18	12	7	9	5	AG100	2002	08	26	 	609.8818	00-10	Fine	 
E	55	3	18	12	7	9	5	AG100	2002	08	26	 	22.4602	20-35	Coarse	 
E	55	3	18	12	7	9	5	AG100	2002	08	26	 	11.3535	10-20	Coarse	 
E	55	3	19	12	7	9	1	PV100	2002	08	26	 	256.6884	10-20	Fine	 
E	55	3	19	12	7	9	1	PV100	2002	08	26	 	90.0878	10-20	Fine	andge?
E	55	3	19	12	7	9	1	PV100	2002	08	26	 	198.6867	20-35	Fine	 
E	55	3	19	12	7	9	1	PV100	2002	08	26	 	201.1549	20-35	Coarse	 
E	55	3	19	12	7	9	1	PV100	2002	08	26	 	140.685	00-10	Fine	 
E	55	3	19	12	7	9	1	PV100	2002	08	26	 	697.2546	00-10	Coarse	 
E	55	3	19	12	7	9	1	PV100	2002	08	26	 	93.2964	10-20	Coarse	 
E	55	3	19	12	7	9	1	PV100	2002	08	26	 	60.2231	00-10	Fine	andge?
E	55	3	19	12	7	9	1	PV100	2002	08	26	 	109.0926	00-10	Crown	 
E	55	4	2	6	3	4	1	PV100	2002	08	26	 	259.1566	00-10	Coarse	 
E	55	4	2	6	3	4	1	PV100	2002	08	26	 	175.7328	20-35	Fine	 
E	55	4	2	6	3	4	1	PV100	2002	08	26	 	202.8826	10-20	Fine	 
E	55	4	2	6	3	4	1	PV100	2002	08	26	 	253.9734	00-10	Crown	 
E	55	4	2	6	3	4	1	PV100	2002	08	26	 	157.9621	00-10	Fine	 
E	55	4	2	6	3	4	1	PV100	2002	08	26	 	158.4557	20-35	Coarse	 
E	55	4	2	6	3	4	1	PV100	2002	08	26	 	178.4478	10-20	Coarse	 
E	55	4	7	6	3	4	3	AS100	2002	08	26	 	72.317	00-10	Fine	 
E	55	4	7	6	3	4	3	AS100	2002	08	26	 	0.4936	20-35	Fine	 
E	55	4	7	6	3	4	3	AS100	2002	08	26	 	58.0017	00-10	Crown	 
E	55	4	7	6	3	4	3	AS100	2002	08	26	 	0	00-10	Coarse	 
E	55	4	7	6	3	4	3	AS100	2002	08	26	 	22.9539	10-20	Fine	 
E	55	4	7	6	3	4	3	AS100	2002	08	26	 	0	10-20	Coarse	 
E	55	4	7	6	3	4	3	AS100	2002	08	26	 	118.9652	10-20	Fine	SS PV?
E	55	4	7	6	3	4	3	AS100	2002	08	26	 	62.1976	20-35	Fine	Panvi?
E	55	4	7	6	3	4	3	AS100	2002	08	26	 	27.3966	20-35	Coarse	Panvi?
E	55	4	13	6	3	4	4	BG100	2002	08	26	 	0	10-20	Coarse	 
E	55	4	13	6	3	4	4	BG100	2002	08	26	 	94.7773	20-35	Fine	 
E	55	4	13	6	3	4	4	BG100	2002	08	26	 	0	20-35	Coarse	 
E	55	4	13	6	3	4	4	BG100	2002	08	26	 	222.6278	00-10	Fine	 
E	55	4	13	6	3	4	4	BG100	2002	08	26	 	386.5135	00-10	Crown	 
E	55	4	13	6	3	4	4	BG100	2002	08	26	 	227.811	10-20	Fine	 
E	55	4	13	6	3	4	4	BG100	2002	08	26	 	0	00-10	Coarse	 
E	55	4	14	6	3	4	2	SS100	2002	08	26	 	105.6372	20-35	Fine	 
E	55	4	14	6	3	4	2	SS100	2002	08	26	 	0	10-20	Coarse	 
E	55	4	14	6	3	4	2	SS100	2002	08	26	 	212.5084	10-20	Fine	 
E	55	4	14	6	3	4	2	SS100	2002	08	26	 	0	00-10	Coarse	 
E	55	4	14	6	3	4	2	SS100	2002	08	26	 	628.1462	00-10	Crown	 
E	55	4	14	6	3	4	2	SS100	2002	08	26	 	295.9321	00-10	Fine	 
E	55	4	14	6	3	4	2	SS100	2002	08	26	 	5.1831	20-35	Coarse	 
E	55	4	18	6	3	4	6	BD100	2002	08	26	 	327.5245	00-10	Crown	 
E	55	4	18	6	3	4	6	BD100	2002	08	26	 	0	00-10	Coarse	 
E	55	4	18	6	3	4	6	BD100	2002	08	26	 	301.8557	00-10	Fine	 
E	55	4	18	6	3	4	6	BD100	2002	08	26	 	0	20-35	Coarse	 
E	55	4	18	6	3	4	6	BD100	2002	08	26	 	145.3745	20-35	Fine	 
E	55	4	18	6	3	4	6	BD100	2002	08	26	 	275.4464	10-20	Fine	 
E	55	4	18	6	3	4	6	BD100	2002	08	26	 	0	10-20	Coarse	 
E	55	4	23	6	3	4	5	AG100	2002	08	26	 	616.7926	00-10	Crown	 
E	55	4	23	6	3	4	5	AG100	2002	08	26	 	130.8124	20-35	Fine	 
E	55	4	23	6	3	4	5	AG100	2002	08	26	 	480.5503	00-10	Fine	 
E	55	4	23	6	3	4	5	AG100	2002	08	26	 	205.1039	00-10	Coarse	 
E	55	4	23	6	3	4	5	AG100	2002	08	26	 	345.7889	10-20	Fine	 
E	55	4	23	6	3	4	5	AG100	2002	08	26	 	14.8089	10-20	Coarse	 
E	55	4	23	6	3	4	5	AG100	2002	08	26	 	28.137	20-35	Coarse	 
E	55	7	4	14	8	10	5	AG100	2002	08	26	 	271.0037	20-35	Fine	 
E	55	7	4	14	8	10	5	AG100	2002	08	26	 	13.3281	20-35	Coarse	 
E	55	7	4	14	8	10	5	AG100	2002	08	26	 	565.2081	00-10	Fine	 
E	55	7	4	14	8	10	5	AG100	2002	08	26	 	36.7756	10-20	Coarse	 
E	55	7	4	14	8	10	5	AG100	2002	08	26	 	957.1516	00-10	Crown	 
E	55	7	4	14	8	10	5	AG100	2002	08	26	 	77.2533	00-10	Coarse	 
E	55	7	4	14	8	10	5	AG100	2002	08	26	 	578.2894	10-20	Fine	 
E	55	7	7	14	8	10	6	BD100	2002	08	26	 	397.3734	00-10	Crown	 
E	55	7	7	14	8	10	6	BD100	2002	08	26	 	303.5834	00-10	Fine	 
E	55	7	7	14	8	10	6	BD100	2002	08	26	 	11.3535	20-35	Coarse	 
E	55	7	7	14	8	10	6	BD100	2002	08	26	 	0	00-10	Coarse	 
E	55	7	7	14	8	10	6	BD100	2002	08	26	 	273.9655	10-20	Fine	 
E	55	7	7	14	8	10	6	BD100	2002	08	26	 	212.0148	20-35	Fine	 
E	55	7	7	14	8	10	6	BD100	2002	08	26	 	0	10-20	Coarse	 
E	55	7	13	14	8	10	4	BG100	2002	08	26	 	0	00-10	Coarse	 
E	55	7	13	14	8	10	4	BG100	2002	08	26	 	1226.9212	00-10	Crown	 
E	55	7	13	14	8	10	4	BG100	2002	08	26	 	207.5721	00-10	Fine	 
E	55	7	13	14	8	10	4	BG100	2002	08	26	 	0	20-35	Coarse	 
E	55	7	13	14	8	10	4	BG100	2002	08	26	 	0	10-20	Coarse	 
E	55	7	13	14	8	10	4	BG100	2002	08	26	 	365.781	10-20	Fine	 
E	55	7	13	14	8	10	4	BG100	2002	08	26	 	169.8093	20-35	Fine	 
E	55	7	16	14	8	10	2	SS100	2002	08	26	 	1026.0132	00-10	Crown	 
E	55	7	16	14	8	10	2	SS100	2002	08	26	 	466.4818	00-10	Fine	 
E	55	7	16	14	8	10	2	SS100	2002	08	26	 	0	00-10	Coarse	 
E	55	7	16	14	8	10	2	SS100	2002	08	26	 	249.5308	10-20	Fine	 
E	55	7	16	14	8	10	2	SS100	2002	08	26	 	0	10-20	Coarse	 
E	55	7	16	14	8	10	2	SS100	2002	08	26	 	86.1387	20-35	Fine	 
E	55	7	16	14	8	10	2	SS100	2002	08	26	 	3.7022	20-35	Coarse	 
E	55	7	20	14	8	10	3	AS100	2002	08	26	 	54.5463	00-10	Fine	 
E	55	7	20	14	8	10	3	AS100	2002	08	26	 	76.2661	00-10	Crown	 
E	55	7	20	14	8	10	3	AS100	2002	08	26	 	5.6768	00-10	Coarse	 
E	55	7	20	14	8	10	3	AS100	2002	08	26	 	43.4396	20-35	Fine	panvi?
E	55	7	20	14	8	10	3	AS100	2002	08	26	 	45.4141	20-35	Coarse	panvi?
E	55	7	20	14	8	10	3	AS100	2002	08	26	 	85.1514	10-20	Fine	panvi?
E	55	7	20	14	8	10	3	AS100	2002	08	26	 	14.5621	10-20	Coarse	panvi?
E	55	7	22	14	8	10	1	PV100	2002	08	26	 	225.096	20-35	Fine	 
E	55	7	22	14	8	10	1	PV100	2002	08	26	 	225.3428	10-20	Coarse	 
E	55	7	22	14	8	10	1	PV100	2002	08	26	 	243.854	00-10	Fine	 
E	55	7	22	14	8	10	1	PV100	2002	08	26	 	820.4157	00-10	Crown	 
E	55	7	22	14	8	10	1	PV100	2002	08	26	 	839.4205	00-10	Coarse	 
E	55	7	22	14	8	10	1	PV100	2002	08	26	 	234.7218	10-20	Fine	 
E	55	7	22	14	8	10	1	PV100	2002	08	26	 	297.6598	20-35	Coarse	 
E	55	8	2	10	5	7	2	SS100	2002	08	26	 	234.7218	10-20	Fine	 
E	55	8	2	10	5	7	2	SS100	2002	08	26	 	582.9789	00-10	Crown	 
E	55	8	2	10	5	7	2	SS100	2002	08	26	 	184.3714	00-10	Fine	 
E	55	8	2	10	5	7	2	SS100	2002	08	26	 	19.4984	20-35	Coarse	 
E	55	8	2	10	5	7	2	SS100	2002	08	26	 	7.1577	10-20	Coarse	 
E	55	8	2	10	5	7	2	SS100	2002	08	26	 	123.1611	20-35	Fine	 
E	55	8	2	10	5	7	2	SS100	2002	08	26	 	0	00-10	Coarse	 
E	55	8	5	10	5	7	4	BG100	2002	08	26	 	0	20-35	Coarse	 
E	55	8	5	10	5	7	4	BG100	2002	08	26	 	0	10-20	Coarse	 
E	55	8	5	10	5	7	4	BG100	2002	08	26	 	228.3046	10-20	Fine	 
E	55	8	5	10	5	7	4	BG100	2002	08	26	 	0	00-10	Coarse	 
E	55	8	5	10	5	7	4	BG100	2002	08	26	 	206.5848	00-10	Fine	 
E	55	8	5	10	5	7	4	BG100	2002	08	26	 	112.7948	20-35	Fine	 
E	55	8	5	10	5	7	4	BG100	2002	08	26	 	416.8719	00-10	Crown	 
E	55	8	10	10	5	7	3	AS100	2002	08	26	 	138.4637	00-10	Fine	 
E	55	8	10	10	5	7	3	AS100	2002	08	26	 	90.5814	00-10	Crown	 
E	55	8	10	10	5	7	3	AS100	2002	08	26	 	10.3663	00-10	Coarse	 
E	55	8	10	10	5	7	3	AS100	2002	08	26	 	145.1277	10-20	Fine	 
E	55	8	10	10	5	7	3	AS100	2002	08	26	 	99.9604	20-35	Fine	 
E	55	8	10	10	5	7	3	AS100	2002	08	26	 	11.6003	10-20	Coarse	 
E	55	8	10	10	5	7	3	AS100	2002	08	26	 	26.4093	20-35	Fine	SS PV?
E	55	8	10	10	5	7	3	AS100	2002	08	26	 	20.9793	20-35	Coarse	panvi
E	55	8	11	10	5	7	5	AG100	2002	08	26	 	358.8701	10-20	Fine	 
E	55	8	11	10	5	7	5	AG100	2002	08	26	 	461.2987	00-10	Fine	 
E	55	8	11	10	5	7	5	AG100	2002	08	26	 	4.9363	20-35	Coarse	 
E	55	8	11	10	5	7	5	AG100	2002	08	26	 	18.2644	20-35	Coarse	panvi
E	55	8	11	10	5	7	5	AG100	2002	08	26	 	9.1322	00-10	Coarse	 
E	55	8	11	10	5	7	5	AG100	2002	08	26	 	39.2437	10-20	Coarse	 
E	55	8	11	10	5	7	5	AG100	2002	08	26	 	4.4427	20-35	Fine	panvi
E	55	8	11	10	5	7	5	AG100	2002	08	26	 	230.0323	20-35	Fine	 
E	55	8	11	10	5	7	5	AG100	2002	08	26	 	762.4139	00-10	Crown	 
E	55	8	12	10	5	7	6	BD100	2002	08	26	 	151.7917	20-35	Fine	 
E	55	8	12	10	5	7	6	BD100	2002	08	26	 	202.6358	10-20	Fine	 
E	55	8	12	10	5	7	6	BD100	2002	08	26	 	0	00-10	Coarse	 
E	55	8	12	10	5	7	6	BD100	2002	08	26	 	368.0023	00-10	Crown	 
E	55	8	12	10	5	7	6	BD100	2002	08	26	 	209.2998	00-10	Fine	 
E	55	8	12	10	5	7	6	BD100	2002	08	26	 	0.7404	20-35	Coarse	 
E	55	8	12	10	5	7	6	BD100	2002	08	26	 	0	10-20	Coarse	 
E	55	8	20	10	5	7	1	PV100	2002	08	26	 	108.8458	10-20	Coarse	 
E	55	8	20	10	5	7	1	PV100	2002	08	26	 	298.1535	10-20	Fine	 
E	55	8	20	10	5	7	1	PV100	2002	08	26	 	653.5682	00-10	Coarse	 
E	55	8	20	10	5	7	1	PV100	2002	08	26	 	243.854	00-10	Crown	 
E	55	8	20	10	5	7	1	PV100	2002	08	26	 	228.0578	00-10	Fine	 
E	55	8	20	10	5	7	1	PV100	2002	08	26	 	129.3315	20-35	Coarse	 
E	55	8	20	10	5	7	1	PV100	2002	08	26	 	233.7345	20-35	Fine	 
E	55	9	4	2	0	0.5	1	PV100	2002	08	26	 	48.1291	20-35	Coarse	 
E	55	9	4	2	0	0.5	1	PV100	2002	08	26	 	91.3218	10-20	Fine	 
E	55	9	4	2	0	0.5	1	PV100	2002	08	26	 	59.2358	20-35	Fine	 
E	55	9	4	2	0	0.5	1	PV100	2002	08	26	 	74.2915	00-10	Fine	 
E	55	9	4	2	0	0.5	1	PV100	2002	08	26	 	181.4096	00-10	Crown	 
E	55	9	4	2	0	0.5	1	PV100	2002	08	26	 	85.1514	00-10	Coarse	 
E	55	9	4	2	0	0.5	1	PV100	2002	08	26	 	40.7246	10-20	Coarse	 
E	55	9	7	2	0	0.5	2	SS100	2002	08	26	 	465.2477	00-10	Fine	 
E	55	9	7	2	0	0.5	2	SS100	2002	08	26	 	56.274	20-35	Fine	 
E	55	9	7	2	0	0.5	2	SS100	2002	08	26	 	163.6389	10-20	Fine	 
E	55	9	7	2	0	0.5	2	SS100	2002	08	26	 	0	00-10	Coarse	 
E	55	9	7	2	0	0.5	2	SS100	2002	08	26	 	1239.0152	00-10	Crown	 
E	55	9	7	2	0	0.5	2	SS100	2002	08	26	 	6.4172	20-35	Coarse	 
E	55	9	7	2	0	0.5	2	SS100	2002	08	26	 	2.4682	10-20	Coarse	 
E	55	9	8	2	0	0.5	6	BD100	2002	08	26	 	58.7422	10-20	Coarse	 
E	55	9	8	2	0	0.5	6	BD100	2002	08	26	 	82.4365	20-35	Coarse	 
E	55	9	8	2	0	0.5	6	BD100	2002	08	26	 	6.4172	10-20	Coarse	panvi
E	55	9	8	2	0	0.5	6	BD100	2002	08	26	 	38.7501	20-35	Fine	 
E	55	9	8	2	0	0.5	6	BD100	2002	08	26	 	101.9349	10-20	Fine	 
E	55	9	8	2	0	0.5	6	BD100	2002	08	26	 	0	00-10	Coarse	 
E	55	9	8	2	0	0.5	6	BD100	2002	08	26	 	381.824	00-10	Crown	 
E	55	9	8	2	0	0.5	6	BD100	2002	08	26	 	205.8444	00-10	Fine	 
E	55	9	8	2	0	0.5	6	BD100	2002	08	26	 	12.5876	10-20	Fine	panvi
E	55	9	9	2	0	0.5	4	BG100	2002	08	26	 	0	00-10	Coarse	 
E	55	9	9	2	0	0.5	4	BG100	2002	08	26	 	103.9094	10-20	Fine	 
E	55	9	9	2	0	0.5	4	BG100	2002	08	26	 	0	10-20	Coarse	 
E	55	9	9	2	0	0.5	4	BG100	2002	08	26	 	244.8413	00-10	Fine	 
E	55	9	9	2	0	0.5	4	BG100	2002	08	26	 	66.8871	20-35	Fine	 
E	55	9	9	2	0	0.5	4	BG100	2002	08	26	 	0	20-35	Coarse	 
E	55	9	9	2	0	0.5	4	BG100	2002	08	26	 	549.1651	00-10	Crown	 
E	55	9	16	2	0	0.5	3	AS100	2002	08	26	 	74.0447	20-35	Fine	 
E	55	9	16	2	0	0.5	3	AS100	2002	08	26	 	0	00-10	Coarse	 
E	55	9	16	2	0	0.5	3	AS100	2002	08	26	 	28.6306	00-10	Crown	 
E	55	9	16	2	0	0.5	3	AS100	2002	08	26	 	8.3917	20-35	Coarse	 
E	55	9	16	2	0	0.5	3	AS100	2002	08	26	 	48.3759	00-10	Fine	someSS?
E	55	9	16	2	0	0.5	3	AS100	2002	08	26	 	96.505	10-20	Fine	someSS?
E	55	9	16	2	0	0.5	3	AS100	2002	08	26	 	0.9873	10-20	Coarse	 
E	55	9	22	2	0	0.5	5	AG100	2002	08	26	 	143.4	20-35	Fine	 
E	55	9	22	2	0	0.5	5	AG100	2002	08	26	 	61.9508	20-35	Coarse	 
E	55	9	22	2	0	0.5	5	AG100	2002	08	26	 	461.5455	00-10	Fine	 
E	55	9	22	2	0	0.5	5	AG100	2002	08	26	 	1386.1174	00-10	Crown	 
E	55	9	22	2	0	0.5	5	AG100	2002	08	26	 	89.3473	00-10	Coarse	 
E	55	9	22	2	0	0.5	5	AG100	2002	08	26	 	368.7428	10-20	Fine	 
E	55	9	22	2	0	0.5	5	AG100	2002	08	26	 	97.739	10-20	Coarse	 
E	55	10	2	8	4	5	4	BG100	2002	08	26	 	492.3975	00-10	Crown	 
E	55	10	2	8	4	5	4	BG100	2002	08	26	 	134.5146	10-20	Fine	 
E	55	10	2	8	4	5	4	BG100	2002	08	26	 	0	10-20	Coarse	 
E	55	10	2	8	4	5	4	BG100	2002	08	26	 	0	20-35	Coarse	 
E	55	10	2	8	4	5	4	BG100	2002	08	26	 	62.1976	20-35	Fine	 
E	55	10	2	8	4	5	4	BG100	2002	08	26	 	275.4464	00-10	Fine	 
E	55	10	2	8	4	5	4	BG100	2002	08	26	 	0	00-10	Coarse	 
E	55	10	5	8	4	5	2	SS100	2002	08	26	 	3.4554	20-35	Coarse	 
E	55	10	5	8	4	5	2	SS100	2002	08	26	 	387.7476	00-10	Fine	 
E	55	10	5	8	4	5	2	SS100	2002	08	26	 	2629.0817	00-10	Crown	 
E	55	10	5	8	4	5	2	SS100	2002	08	26	 	0	00-10	Coarse	 
E	55	10	5	8	4	5	2	SS100	2002	08	26	 	251.2585	10-20	Fine	 
E	55	10	5	8	4	5	2	SS100	2002	08	26	 	80.9556	20-35	Fine	 
E	55	10	5	8	4	5	2	SS100	2002	08	26	 	5.9236	10-20	Coarse	 
E	55	10	9	8	4	5	5	AG100	2002	08	26	 	403.7906	00-10	Fine	 
E	55	10	9	8	4	5	5	AG100	2002	08	26	 	48.8695	10-20	Coarse	 
E	55	10	9	8	4	5	5	AG100	2002	08	26	 	400.582	10-20	Fine	 
E	55	10	9	8	4	5	5	AG100	2002	08	26	 	748.5923	00-10	Crown	 
E	55	10	9	8	4	5	5	AG100	2002	08	26	 	12.094	20-35	Coarse	 
E	55	10	9	8	4	5	5	AG100	2002	08	26	 	207.0784	20-35	Fine	 
E	55	10	9	8	4	5	5	AG100	2002	08	26	 	19.4984	00-10	Coarse	 
E	55	10	14	8	4	5	1	PV100	2002	08	26	 	93.79	10-20	Coarse	 
E	55	10	14	8	4	5	1	PV100	2002	08	26	 	131.0592	20-35	Fine	 
E	55	10	14	8	4	5	1	PV100	2002	08	26	 	381.3304	00-10	Crown	 
E	55	10	14	8	4	5	1	PV100	2002	08	26	 	299.1407	00-10	Fine	 
E	55	10	14	8	4	5	1	PV100	2002	08	26	 	105.884	20-35	Coarse	 
E	55	10	14	8	4	5	1	PV100	2002	08	26	 	656.53	00-10	Coarse	 
E	55	10	14	8	4	5	1	PV100	2002	08	26	 	215.9638	10-20	Fine	 
E	55	10	16	8	4	5	3	AS100	2002	08	26	 	151.7917	00-10	Crown	 
E	55	10	16	8	4	5	3	AS100	2002	08	26	 	121.927	10-20	Fine	SS PV?
E	55	10	16	8	4	5	3	AS100	2002	08	26	 	3.9491	00-10	Coarse	 
E	55	10	16	8	4	5	3	AS100	2002	08	26	 	0	10-20	Coarse	 
E	55	10	16	8	4	5	3	AS100	2002	08	26	 	51.3377	20-35	Fine	SS PV?
E	55	10	16	8	4	5	3	AS100	2002	08	26	 	65.653	00-10	Fine	SS PV?
E	55	10	16	8	4	5	3	AS100	2002	08	26	 	38.0096	20-35	Coarse	panvi?
E	55	10	23	8	4	5	6	BD100	2002	08	26	 	0	00-10	Coarse	 
E	55	10	23	8	4	5	6	BD100	2002	08	26	 	180.4223	10-20	Fine	 
E	55	10	23	8	4	5	6	BD100	2002	08	26	 	186.3459	20-35	Fine	 
E	55	10	23	8	4	5	6	BD100	2002	08	26	 	10.6131	20-35	Coarse	 
E	55	10	23	8	4	5	6	BD100	2002	08	26	 	4.6895	10-20	Coarse	 
E	55	10	23	8	4	5	6	BD100	2002	08	26	 	797.9554	00-10	Crown	 
E	55	10	23	8	4	5	6	BD100	2002	08	26	 	383.3049	00-10	Fine	 